AIRPORT,Year,Month,INBOUND,OUTBOUND,TOTAL,INBOUND,OUTBOUND,TOTAL,INBOUND,OUTBOUND,Passengers
ADELAIDE,2009,1,259510.00,258122.00,517632.00,25145.00,19968.00,45113.00,284655.00,278090.00,562745.00
ADELAIDE,2009,2,234778.00,232142.00,466920.00,21389.00,14795.00,36184.00,256167.00,246937.00,503104.00
ADELAIDE,2009,3,280441.00,284820.00,565261.00,19466.00,18154.00,37620.00,299907.00,302974.00,602881.00
ADELAIDE,2009,4,274359.00,281163.00,555522.00,20087.00,21353.00,41440.00,294446.00,302516.00,596962.00
ADELAIDE,2009,5,258273.00,258930.00,517203.00,17085.00,19321.00,36406.00,275358.00,278251.00,553609.00
ADELAIDE,2009,6,242263.00,242610.00,484873.00,17680.00,19449.00,37129.00,259943.00,262059.00,522002.00
ADELAIDE,2009,7,269949.00,272217.00,542166.00,24152.00,21200.00,45352.00,294101.00,293417.00,587518.00
ADELAIDE,2009,8,269480.00,269355.00,538835.00,20859.00,19768.00,40627.00,290339.00,289123.00,579462.00
ADELAIDE,2009,9,264127.00,267734.00,531861.00,22039.00,22699.00,44738.00,286166.00,290433.00,576599.00
ADELAIDE,2009,10,284313.00,277153.00,561466.00,26544.00,20496.00,47040.00,310857.00,297649.00,608506.00
ADELAIDE,2009,11,264644.00,266874.00,531518.00,21906.00,21543.00,43449.00,286550.00,288417.00,574967.00
ADELAIDE,2009,12,262735.00,264356.00,527091.00,21402.00,24899.00,46301.00,284137.00,289255.00,573392.00
ADELAIDE,2010,1,260489.00,258574.00,519063.00,26569.00,22236.00,48805.00,287058.00,280810.00,567868.00
ADELAIDE,2010,2,251775.00,248044.00,499819.00,21576.00,16706.00,38282.00,273351.00,264750.00,538101.00
ADELAIDE,2010,3,292054.00,294892.00,586946.00,22086.00,20609.00,42695.00,314140.00,315501.00,629641.00
ADELAIDE,2010,4,290702.00,296008.00,586710.00,22393.00,23027.00,45420.00,313095.00,319035.00,632130.00
ADELAIDE,2010,5,269597.00,272381.00,541978.00,18231.00,21100.00,39331.00,287828.00,293481.00,581309.00
ADELAIDE,2010,6,260162.00,264413.00,524575.00,19742.00,21699.00,41441.00,279904.00,286112.00,566016.00
ADELAIDE,2010,7,293548.00,297128.00,590676.00,25332.00,21846.00,47178.00,318880.00,318974.00,637854.00
ADELAIDE,2010,8,283786.00,283560.00,567346.00,21613.00,21756.00,43369.00,305399.00,305316.00,610715.00
ADELAIDE,2010,9,282205.00,287767.00,569972.00,23201.00,22552.00,45753.00,305406.00,310319.00,615725.00
ADELAIDE,2010,10,313687.00,301158.00,614845.00,27111.00,19830.00,46941.00,340798.00,320988.00,661786.00
ADELAIDE,2010,11,283723.00,284665.00,568388.00,22317.00,21729.00,44046.00,306040.00,306394.00,612434.00
ADELAIDE,2010,12,292916.00,295017.00,587933.00,23166.00,25965.00,49131.00,316082.00,320982.00,637064.00
ADELAIDE,2011,1,275339.00,273902.00,549241.00,26556.00,22938.00,49494.00,301895.00,296840.00,598735.00
ADELAIDE,2011,2,253474.00,247288.00,500762.00,22587.00,17514.00,40101.00,276061.00,264802.00,540863.00
ADELAIDE,2011,3,293734.00,295355.00,589089.00,21787.00,21351.00,43138.00,315521.00,316706.00,632227.00
ADELAIDE,2011,4,282981.00,286574.00,569555.00,22983.00,25799.00,48782.00,305964.00,312373.00,618337.00
ADELAIDE,2011,5,273748.00,274350.00,548098.00,21287.00,24027.00,45314.00,295035.00,298377.00,593412.00
ADELAIDE,2011,6,237077.00,237976.00,475053.00,21671.00,22929.00,44600.00,258748.00,260905.00,519653.00
ADELAIDE,2011,7,273786.00,277032.00,550818.00,28138.00,25253.00,53391.00,301924.00,302285.00,604209.00
ADELAIDE,2011,8,263100.00,263060.00,526160.00,25653.00,24324.00,49977.00,288753.00,287384.00,576137.00
ADELAIDE,2011,9,262527.00,261455.00,523982.00,25906.00,25166.00,51072.00,288433.00,286621.00,575054.00
ADELAIDE,2011,10,278028.00,273082.00,551110.00,28930.00,23095.00,52025.00,306958.00,296177.00,603135.00
ADELAIDE,2011,11,264907.00,266632.00,531539.00,24604.00,23324.00,47928.00,289511.00,289956.00,579467.00
ADELAIDE,2011,12,262361.00,260566.00,522927.00,26035.00,31216.00,57251.00,288396.00,291782.00,580178.00
ADELAIDE,2012,1,258727.00,260757.00,519484.00,34486.00,27251.00,61737.00,293213.00,288008.00,581221.00
ADELAIDE,2012,2,250287.00,241533.00,491820.00,26957.00,20520.00,47477.00,277244.00,262053.00,539297.00
ADELAIDE,2012,3,277032.00,282302.00,559334.00,25746.00,25886.00,51632.00,302778.00,308188.00,610966.00
ADELAIDE,2012,4,264048.00,267193.00,531241.00,25399.00,26317.00,51716.00,289447.00,293510.00,582957.00
ADELAIDE,2012,5,261753.00,264360.00,526113.00,20661.00,24575.00,45236.00,282414.00,288935.00,571349.00
ADELAIDE,2012,6,243743.00,249972.00,493715.00,23206.00,26101.00,49307.00,266949.00,276073.00,543022.00
ADELAIDE,2012,7,275669.00,269885.00,545554.00,31466.00,24802.00,56268.00,307135.00,294687.00,601822.00
ADELAIDE,2012,8,263168.00,265243.00,528411.00,24624.00,24733.00,49357.00,287792.00,289976.00,577768.00
ADELAIDE,2012,9,269802.00,270676.00,540478.00,27126.00,27912.00,55038.00,296928.00,298588.00,595516.00
ADELAIDE,2012,10,287626.00,281100.00,568726.00,30722.00,22970.00,53692.00,318348.00,304070.00,622418.00
ADELAIDE,2012,11,285081.00,283544.00,568625.00,28453.00,30172.00,58625.00,313534.00,313716.00,627250.00
ADELAIDE,2012,12,271564.00,271750.00,543314.00,31996.00,37996.00,69992.00,303560.00,309746.00,613306.00
ADELAIDE,2013,1,262467.00,266159.00,528626.00,39912.00,30336.00,70248.00,302379.00,296495.00,598874.00
ADELAIDE,2013,2,245055.00,237296.00,482351.00,32894.00,25038.00,57932.00,277949.00,262334.00,540283.00
ADELAIDE,2013,3,282049.00,284894.00,566943.00,30633.00,30591.00,61224.00,312682.00,315485.00,628167.00
ADELAIDE,2013,4,280700.00,287113.00,567813.00,30059.00,33507.00,63566.00,310759.00,320620.00,631379.00
ADELAIDE,2013,5,259610.00,263814.00,523424.00,25232.00,29676.00,54908.00,284842.00,293490.00,578332.00
ADELAIDE,2013,6,249959.00,247004.00,496963.00,27642.00,30977.00,58619.00,277601.00,277981.00,555582.00
ADELAIDE,2013,7,285287.00,290626.00,575913.00,38906.00,33858.00,72764.00,324193.00,324484.00,648677.00
ADELAIDE,2013,8,269836.00,269808.00,539644.00,33245.00,31092.00,64337.00,303081.00,300900.00,603981.00
ADELAIDE,2013,9,272655.00,272652.00,545307.00,34517.00,35056.00,69573.00,307172.00,307708.00,614880.00
ADELAIDE,2013,10,306551.00,300868.00,607419.00,39954.00,28567.00,68521.00,346505.00,329435.00,675940.00
ADELAIDE,2013,11,279869.00,279000.00,558869.00,34066.00,34016.00,68082.00,313935.00,313016.00,626951.00
ADELAIDE,2013,12,291204.00,289813.00,581017.00,39818.00,49993.00,89811.00,331022.00,339806.00,670828.00
ADELAIDE,2014,1,277737.00,278835.00,556572.00,53530.00,41795.00,95325.00,331267.00,320630.00,651897.00
ADELAIDE,2014,2,253235.00,250818.00,504053.00,40484.00,29320.00,69804.00,293719.00,280138.00,573857.00
ADELAIDE,2014,3,287307.00,293996.00,581303.00,35407.00,35805.00,71212.00,322714.00,329801.00,652515.00
ADELAIDE,2014,4,283121.00,285267.00,568388.00,39176.00,42911.00,82087.00,322297.00,328178.00,650475.00
ADELAIDE,2014,5,266981.00,269417.00,536398.00,34798.00,39547.00,74345.00,301779.00,308964.00,610743.00
ADELAIDE,2014,6,260567.00,255415.00,515982.00,35861.00,44801.00,80662.00,296428.00,300216.00,596644.00
ADELAIDE,2014,7,284112.00,289631.00,573743.00,51507.00,44103.00,95610.00,335619.00,333734.00,669353.00
ADELAIDE,2014,8,280822.00,280400.00,561222.00,41013.00,39796.00,80809.00,321835.00,320196.00,642031.00
ADELAIDE,2014,9,276540.00,280913.00,557453.00,39785.00,40956.00,80741.00,316325.00,321869.00,638194.00
ADELAIDE,2014,10,319150.00,311531.00,630681.00,44279.00,35206.00,79485.00,363429.00,346737.00,710166.00
ADELAIDE,2014,11,279539.00,279238.00,558777.00,33966.00,35010.00,68976.00,313505.00,314248.00,627753.00
ADELAIDE,2014,12,295383.00,291644.00,587027.00,38989.00,49220.00,88209.00,334372.00,340864.00,675236.00
ADELAIDE,2015,1,271005.00,273323.00,544328.00,50816.00,40325.00,91141.00,321821.00,313648.00,635469.00
ADELAIDE,2015,2,255345.00,248620.00,503965.00,38274.00,30765.00,69039.00,293619.00,279385.00,573004.00
ADELAIDE,2015,3,291956.00,293217.00,585173.00,34114.00,36696.00,70810.00,326070.00,329913.00,655983.00
ADELAIDE,2015,4,291914.00,294232.00,586146.00,33223.00,37246.00,70469.00,325137.00,331478.00,656615.00
ADELAIDE,2015,5,270553.00,272195.00,542748.00,31243.00,36424.00,67667.00,301796.00,308619.00,610415.00
ADELAIDE,2015,6,252967.00,252494.00,505461.00,32695.00,37826.00,70521.00,285662.00,290320.00,575982.00
ADELAIDE,2015,7,296045.00,302047.00,598092.00,40295.00,36893.00,77188.00,336340.00,338940.00,675280.00
ADELAIDE,2015,8,282798.00,277223.00,560021.00,35798.00,34901.00,70699.00,318596.00,312124.00,630720.00
ADELAIDE,2015,9,279982.00,283113.00,563095.00,35418.00,35682.00,71100.00,315400.00,318795.00,634195.00
ADELAIDE,2015,10,315821.00,304706.00,620527.00,39982.00,32407.00,72389.00,355803.00,337113.00,692916.00
ADELAIDE,2015,11,296138.00,294450.00,590588.00,30136.00,30705.00,60841.00,326274.00,325155.00,651429.00
ADELAIDE,2015,12,298324.00,301313.00,599637.00,36126.00,43398.00,79524.00,334450.00,344711.00,679161.00
ADELAIDE,2016,1,282520.00,284142.00,566662.00,44890.00,39537.00,84427.00,327410.00,323679.00,651089.00
ADELAIDE,2016,2,267124.00,259758.00,526882.00,35415.00,29381.00,64796.00,302539.00,289139.00,591678.00
ADELAIDE,2016,3,305728.00,298866.00,604594.00,32873.00,33552.00,66425.00,338601.00,332418.00,671019.00
ADELAIDE,2016,4,291320.00,302867.00,594187.00,31541.00,36181.00,67722.00,322861.00,339048.00,661909.00
ADELAIDE,2016,5,281939.00,282036.00,563975.00,31336.00,37676.00,69012.00,313275.00,319712.00,632987.00
ADELAIDE,2016,6,269707.00,262566.00,532273.00,33289.00,39790.00,73079.00,302996.00,302356.00,605352.00
ADELAIDE,2016,7,300002.00,307952.00,607954.00,47258.00,43425.00,90683.00,347260.00,351377.00,698637.00
ADELAIDE,2016,8,284393.00,279860.00,564253.00,39027.00,40220.00,79247.00,323420.00,320080.00,643500.00
ADELAIDE,2016,9,293756.00,288573.00,582329.00,42085.00,41067.00,83152.00,335841.00,329640.00,665481.00
ADELAIDE,2016,10,317098.00,319192.00,636290.00,46341.00,35408.00,81749.00,363439.00,354600.00,718039.00
ADELAIDE,2016,11,304689.00,305932.00,610621.00,34776.00,36227.00,71003.00,339465.00,342159.00,681624.00
ADELAIDE,2016,12,304574.00,301400.00,605974.00,41707.00,51177.00,92884.00,346281.00,352577.00,698858.00
ADELAIDE,2017,1,292441.00,295396.00,587837.00,51344.00,42933.00,94277.00,343785.00,338329.00,682114.00
ADELAIDE,2017,2,265665.00,258284.00,523949.00,37838.00,30773.00,68611.00,303503.00,289057.00,592560.00
ADELAIDE,2017,3,309494.00,311591.00,621085.00,34763.00,36346.00,71109.00,344257.00,347937.00,692194.00
ADELAIDE,2017,4,294726.00,296413.00,591139.00,34119.00,39693.00,73812.00,328845.00,336106.00,664951.00
ADELAIDE,2017,5,285884.00,284998.00,570882.00,33197.00,37924.00,71121.00,319081.00,322922.00,642003.00
ADELAIDE,2017,6,273329.00,272795.00,546124.00,34097.00,39198.00,73295.00,307426.00,311993.00,619419.00
ADELAIDE,2017,7,308341.00,310767.00,619108.00,46589.00,43123.00,89712.00,354930.00,353890.00,708820.00
ADELAIDE,2017,8,289066.00,285877.00,574943.00,42160.00,40424.00,82584.00,331226.00,326301.00,657527.00
ADELAIDE,2017,9,296741.00,294811.00,591552.00,44410.00,42623.00,87033.00,341151.00,337434.00,678585.00
ADELAIDE,2017,10,327412.00,326148.00,653560.00,46426.00,36194.00,82620.00,373838.00,362342.00,736180.00
ADELAIDE,2017,11,316350.00,311569.00,627919.00,37547.00,36871.00,74418.00,353897.00,348440.00,702337.00
ADELAIDE,2017,12,318458.00,322403.00,640861.00,42206.00,52177.00,94383.00,360664.00,374580.00,735244.00
ADELAIDE,2018,1,300307.00,304558.00,604865.00,58412.00,47172.00,105584.00,358719.00,351730.00,710449.00
ADELAIDE,2018,2,276851.00,270512.00,547363.00,40981.00,32712.00,73693.00,317832.00,303224.00,621056.00
ADELAIDE,2018,3,320101.00,318876.00,638977.00,37451.00,40042.00,77493.00,357552.00,358918.00,716470.00
ADELAIDE,2018,4,311318.00,316660.00,627978.00,36246.00,41703.00,77949.00,347564.00,358363.00,705927.00
ADELAIDE,2018,5,294206.00,295304.00,589510.00,34981.00,39547.00,74528.00,329187.00,334851.00,664038.00
ADELAIDE,2018,6,279737.00,278632.00,558369.00,34610.00,43963.00,78573.00,314347.00,322595.00,636942.00
ADELAIDE,2018,7,318564.00,319765.00,638329.00,48394.00,42872.00,91266.00,366958.00,362637.00,729595.00
ADELAIDE,2018,8,303083.00,299851.00,602934.00,43581.00,43992.00,87573.00,346664.00,343843.00,690507.00
ADELAIDE,2018,9,300580.00,300750.00,601330.00,45590.00,43804.00,89394.00,346170.00,344554.00,690724.00
ADELAIDE,2018,10,329727.00,327636.00,657363.00,49784.00,38321.00,88105.00,379511.00,365957.00,745468.00
ADELAIDE,2018,11,317799.00,316175.00,633974.00,40957.00,41321.00,82278.00,358756.00,357496.00,716252.00
ADELAIDE,2018,12,309982.00,309368.00,619350.00,44574.00,54951.00,99525.00,354556.00,364319.00,718875.00
ADELAIDE,2019,1,293965.00,298986.00,592951.00,58221.00,49255.00,107476.00,352186.00,348241.00,700427.00
ADELAIDE,2019,2,278620.00,272735.00,551355.00,44990.00,35260.00,80250.00,323610.00,307995.00,631605.00
ADELAIDE,2019,3,314477.00,318070.00,632547.00,38857.00,39981.00,78838.00,353334.00,358051.00,711385.00
ADELAIDE,2019,4,315393.00,315365.00,630758.00,40996.00,46294.00,87290.00,356389.00,361659.00,718048.00
ADELAIDE,2019,5,294271.00,296479.00,590750.00,38454.00,43024.00,81478.00,332725.00,339503.00,672228.00
ADELAIDE,2019,6,279068.00,275957.00,555025.00,40583.00,47455.00,88038.00,319651.00,323412.00,643063.00
ADELAIDE,2019,7,321154.00,325056.00,646210.00,55934.00,49299.00,105233.00,377088.00,374355.00,751443.00
ADELAIDE,2019,8,310165.00,307344.00,617509.00,49885.00,49320.00,99205.00,360050.00,356664.00,716714.00
ADELAIDE,2019,9,308230.00,308039.00,616269.00,53080.00,51858.00,104938.00,361310.00,359897.00,721207.00
ADELAIDE,2019,10,345636.00,343411.00,689047.00,55867.00,43338.00,99205.00,401503.00,386749.00,788252.00
ADELAIDE,2019,11,320697.00,322044.00,642741.00,43856.00,43075.00,86931.00,364553.00,365119.00,729672.00
ADELAIDE,2019,12,311283.00,311134.00,622417.00,48765.00,60945.00,109710.00,360048.00,372079.00,732127.00
ADELAIDE,2020,1,294269.00,298774.00,593043.00,63966.00,53541.00,117507.00,358235.00,352315.00,710550.00
ADELAIDE,2020,2,275909.00,266178.00,542087.00,41150.00,30615.00,71765.00,317059.00,296793.00,613852.00
ADELAIDE,2020,3,192633.00,193960.00,386593.00,23735.00,18459.00,42194.00,216368.00,212419.00,428787.00
ADELAIDE,2020,4,5462.00,6383.00,11845.00,0.00,0.00,0.00,5462.00,6383.00,11845.00
ADELAIDE,2020,5,7273.00,8466.00,15739.00,0.00,0.00,0.00,7273.00,8466.00,15739.00
ADELAIDE,2020,6,12264.00,12993.00,25257.00,26.00,51.00,77.00,12290.00,13044.00,25334.00
ADELAIDE,2020,7,25774.00,27491.00,53265.00,350.00,313.00,663.00,26124.00,27804.00,53928.00
ADELAIDE,2020,8,36135.00,38427.00,74562.00,754.00,661.00,1415.00,36889.00,39088.00,75977.00
ADELAIDE,2020,9,49137.00,50346.00,99483.00,1123.00,590.00,1713.00,50260.00,50936.00,101196.00
ADELAIDE,2020,10,90979.00,90918.00,181897.00,1509.00,537.00,2046.00,92488.00,91455.00,183943.00
ADELAIDE,2020,11,70193.00,73760.00,143953.00,959.00,481.00,1440.00,71152.00,74241.00,145393.00
ADELAIDE,2020,12,112726.00,108004.00,220730.00,1429.00,710.00,2139.00,114155.00,108714.00,222869.00
ADELAIDE,2021,1,112901.00,120628.00,233529.00,2115.00,526.00,2641.00,115016.00,121154.00,236170.00
ADELAIDE,2021,2,97732.00,97565.00,195297.00,1919.00,459.00,2378.00,99651.00,98024.00,197675.00
ADELAIDE,2021,3,171916.00,171932.00,343848.00,2124.00,413.00,2537.00,174040.00,172345.00,346385.00
ADELAIDE,2021,4,226873.00,231100.00,457973.00,1798.00,439.00,2237.00,228671.00,231539.00,460210.00
ADELAIDE,2021,5,208206.00,212298.00,420504.00,2823.00,1464.00,4287.00,211029.00,213762.00,424791.00
ADELAIDE,2021,6,148588.00,149609.00,298197.00,3040.00,1642.00,4682.00,151628.00,151251.00,302879.00
ADELAIDE,2021,7,65265.00,66156.00,131421.00,2816.00,2120.00,4936.00,68081.00,68276.00,136357.00
ADELAIDE,2021,8,39127.00,39952.00,79079.00,1063.00,871.00,1934.00,40190.00,40823.00,81013.00
ADELAIDE,2021,9,78689.00,81802.00,160491.00,1173.00,681.00,1854.00,79862.00,82483.00,162345.00
ADELAIDE,2021,10,93731.00,91605.00,185336.00,1152.00,835.00,1987.00,94883.00,92440.00,187323.00
ADELAIDE,2021,11,116813.00,113929.00,230742.00,1180.00,1299.00,2479.00,117993.00,115228.00,233221.00
ADELAIDE,2021,12,152001.00,142689.00,294690.00,937.00,2799.00,3736.00,152938.00,145488.00,298426.00
ADELAIDE,2022,1,127555.00,129736.00,257291.00,4211.00,3718.00,7929.00,131766.00,133454.00,265220.00
ADELAIDE,2022,2,138158.00,134762.00,272920.00,7289.00,4956.00,12245.00,145447.00,139718.00,285165.00
ADELAIDE,2022,3,222888.00,220124.00,443012.00,7098.00,8046.00,15144.00,229986.00,228170.00,458156.00
ADELAIDE,2022,4,281960.00,284961.00,566921.00,10306.00,12112.00,22418.00,292266.00,297073.00,589339.00
ADELAIDE,2022,5,268778.00,265119.00,533897.00,12693.00,12808.00,25501.00,281471.00,277927.00,559398.00
ADELAIDE,2022,6,263202.00,258308.00,521510.00,13847.00,17516.00,31363.00,277049.00,275824.00,552873.00
ADELAIDE,2022,7,287105.00,291796.00,578901.00,22259.00,22240.00,44499.00,309364.00,314036.00,623400.00
ADELAIDE,2022,8,269233.00,261865.00,531098.00,21150.00,20231.00,41381.00,290383.00,282096.00,572479.00
ADELAIDE,2022,9,276769.00,271841.00,548610.00,23363.00,22819.00,46182.00,300132.00,294660.00,594792.00
ADELAIDE,2022,10,304480.00,300696.00,605176.00,25603.00,22827.00,48430.00,330083.00,323523.00,653606.00
ADELAIDE,2022,11,289145.00,290101.00,579246.00,26291.00,25667.00,51958.00,315436.00,315768.00,631204.00
ADELAIDE,2022,12,286051.00,282226.00,568277.00,28493.00,34434.00,62927.00,314544.00,316660.00,631204.00
ADELAIDE,2023,1,274435.00,279785.00,554220.00,41237.00,34113.00,75350.00,315672.00,313898.00,629570.00
ADELAIDE,2023,2,255626.00,250364.00,505990.00,30587.00,24931.00,55518.00,286213.00,275295.00,561508.00
ADELAIDE,2023,3,310519.00,306729.00,617248.00,33742.00,30455.00,64197.00,344261.00,337184.00,681445.00
ADELAIDE,2023,4,299384.00,301115.00,600499.00,36738.00,38284.00,75022.00,336122.00,339399.00,675521.00
ADELAIDE,2023,5,296058.00,291446.00,587504.00,31211.00,33022.00,64233.00,327269.00,324468.00,651737.00
ADELAIDE,2023,6,272888.00,275630.00,548518.00,31799.00,35432.00,67231.00,304687.00,311062.00,615749.00
ADELAIDE,2023,7,299971.00,306821.00,606792.00,45312.00,40896.00,86208.00,345283.00,347717.00,693000.00
ADELAIDE,2023,8,299771.00,293865.00,593636.00,36548.00,33483.00,70031.00,336319.00,327348.00,663667.00
ADELAIDE,2023,9,297536.00,300179.00,597715.00,39684.00,37768.00,77452.00,337220.00,337947.00,675167.00
ADELAIDE,2023,10,331244.00,327522.00,658766.00,44490.00,35907.00,80397.00,375734.00,363429.00,739163.00
ADELAIDE,2023,11,317671.00,320807.00,638478.00,36152.00,34700.00,70852.00,353823.00,355507.00,709330.00
ADELAIDE,2023,12,306084.00,300922.00,607006.00,41665.00,52958.00,94623.00,347749.00,353880.00,701629.00
ADELAIDE,2024,1,298535.00,303488.00,602023.00,59785.00,42023.00,101808.00,358320.00,345511.00,703831.00
ADELAIDE,2024,2,293471.00,285493.00,578964.00,37176.00,29696.00,66872.00,330647.00,315189.00,645836.00
ADELAIDE,2024,3,320056.00,311979.00,632035.00,33433.00,35570.00,69003.00,353489.00,347549.00,701038.00
ADELAIDE,2024,4,320260.00,331591.00,651851.00,40476.00,41307.00,81783.00,360736.00,372898.00,733634.00
ADELAIDE,2024,5,290654.00,292244.00,582898.00,35227.00,37267.00,72494.00,325881.00,329511.00,655392.00
ADELAIDE,2024,6,271998.00,275389.00,547387.00,37588.00,42099.00,79687.00,309586.00,317488.00,627074.00
ADELAIDE,2024,7,309997.00,310862.00,620859.00,47983.00,43207.00,91190.00,357980.00,354069.00,712049.00
ADELAIDE,2024,8,301159.00,297791.00,598950.00,36769.00,36542.00,73311.00,337928.00,334333.00,672261.00
ADELAIDE,2024,9,303309.00,304488.00,607797.00,36630.00,36812.00,73442.00,339939.00,341300.00,681239.00
ADELAIDE,2024,10,340774.00,335237.00,676011.00,40835.00,35579.00,76414.00,381609.00,370816.00,752425.00
ADELAIDE,2024,11,323664.00,323699.00,647363.00,40857.00,41848.00,82705.00,364521.00,365547.00,730068.00
ADELAIDE,2024,12,320167.00,320888.00,641055.00,44204.00,51530.00,95734.00,364371.00,372418.00,736789.00
ADELAIDE,2025,1,310370.00,308403.00,618773.00,57473.00,49001.00,106474.00,367843.00,357404.00,725247.00
ADELAIDE,2025,2,281456.00,272438.00,553894.00,43742.00,35612.00,79354.00,325198.00,308050.00,633248.00
ADELAIDE,2025,3,316986.00,315084.00,632070.00,38869.00,39156.00,78025.00,355855.00,354240.00,710095.00
ADELAIDE,2025,4,318158.00,321469.00,639627.00,42042.00,48663.00,90705.00,360200.00,370132.00,730332.00
ADELAIDE,2025,5,292242.00,292405.00,584647.00,44413.00,46353.00,90766.00,336655.00,338758.00,675413.00
ADELAIDE,2025,6,281379.00,281662.00,563041.00,42945.00,48625.00,91570.00,324324.00,330287.00,654611.00
BALLINA,2009,1,15908.00,17145.00,33053.00,0.00,0.00,0.00,15908.00,17145.00,33053.00
BALLINA,2009,2,14005.00,14383.00,28388.00,0.00,0.00,0.00,14005.00,14383.00,28388.00
BALLINA,2009,3,15057.00,15227.00,30284.00,0.00,0.00,0.00,15057.00,15227.00,30284.00
BALLINA,2009,4,14106.00,14505.00,28611.00,0.00,0.00,0.00,14106.00,14505.00,28611.00
BALLINA,2009,5,12974.00,13013.00,25987.00,0.00,0.00,0.00,12974.00,13013.00,25987.00
BALLINA,2009,6,12333.00,11927.00,24260.00,0.00,0.00,0.00,12333.00,11927.00,24260.00
BALLINA,2009,7,13878.00,14196.00,28074.00,0.00,0.00,0.00,13878.00,14196.00,28074.00
BALLINA,2009,8,10524.00,10682.00,21206.00,0.00,0.00,0.00,10524.00,10682.00,21206.00
BALLINA,2009,9,11389.00,10984.00,22373.00,0.00,0.00,0.00,11389.00,10984.00,22373.00
BALLINA,2009,10,12826.00,12747.00,25573.00,0.00,0.00,0.00,12826.00,12747.00,25573.00
BALLINA,2009,11,12736.00,12491.00,25227.00,0.00,0.00,0.00,12736.00,12491.00,25227.00
BALLINA,2009,12,12602.00,12676.00,25278.00,0.00,0.00,0.00,12602.00,12676.00,25278.00
BALLINA,2010,1,12345.00,13148.00,25493.00,0.00,0.00,0.00,12345.00,13148.00,25493.00
BALLINA,2010,2,10903.00,10929.00,21832.00,0.00,0.00,0.00,10903.00,10929.00,21832.00
BALLINA,2010,3,11282.00,11338.00,22620.00,0.00,0.00,0.00,11282.00,11338.00,22620.00
BALLINA,2010,4,10375.00,10614.00,20989.00,0.00,0.00,0.00,10375.00,10614.00,20989.00
BALLINA,2010,5,9295.00,9346.00,18641.00,0.00,0.00,0.00,9295.00,9346.00,18641.00
BALLINA,2010,6,8547.00,8531.00,17078.00,0.00,0.00,0.00,8547.00,8531.00,17078.00
BALLINA,2010,7,10340.00,10053.00,20393.00,0.00,0.00,0.00,10340.00,10053.00,20393.00
BALLINA,2010,8,10601.00,10387.00,20988.00,0.00,0.00,0.00,10601.00,10387.00,20988.00
BALLINA,2010,9,11961.00,11206.00,23167.00,0.00,0.00,0.00,11961.00,11206.00,23167.00
BALLINA,2010,10,12623.00,13407.00,26030.00,0.00,0.00,0.00,12623.00,13407.00,26030.00
BALLINA,2010,11,11610.00,11485.00,23095.00,0.00,0.00,0.00,11610.00,11485.00,23095.00
BALLINA,2010,12,14405.00,14158.00,28563.00,0.00,0.00,0.00,14405.00,14158.00,28563.00
BALLINA,2011,1,14507.00,16411.00,30918.00,0.00,0.00,0.00,14507.00,16411.00,30918.00
BALLINA,2011,2,11708.00,11897.00,23605.00,0.00,0.00,0.00,11708.00,11897.00,23605.00
BALLINA,2011,3,12864.00,13188.00,26052.00,0.00,0.00,0.00,12864.00,13188.00,26052.00
BALLINA,2011,4,13126.00,13075.00,26201.00,0.00,0.00,0.00,13126.00,13075.00,26201.00
BALLINA,2011,5,10696.00,11369.00,22065.00,0.00,0.00,0.00,10696.00,11369.00,22065.00
BALLINA,2011,6,10144.00,10101.00,20245.00,0.00,0.00,0.00,10144.00,10101.00,20245.00
BALLINA,2011,7,13150.00,13011.00,26161.00,0.00,0.00,0.00,13150.00,13011.00,26161.00
BALLINA,2011,8,11550.00,12010.00,23560.00,0.00,0.00,0.00,11550.00,12010.00,23560.00
BALLINA,2011,9,14019.00,13116.00,27135.00,0.00,0.00,0.00,14019.00,13116.00,27135.00
BALLINA,2011,10,13536.00,14114.00,27650.00,0.00,0.00,0.00,13536.00,14114.00,27650.00
BALLINA,2011,11,13089.00,13060.00,26149.00,0.00,0.00,0.00,13089.00,13060.00,26149.00
BALLINA,2011,12,15756.00,15002.00,30758.00,0.00,0.00,0.00,15756.00,15002.00,30758.00
BALLINA,2012,1,17159.00,18871.00,36030.00,0.00,0.00,0.00,17159.00,18871.00,36030.00
BALLINA,2012,2,11864.00,12078.00,23942.00,0.00,0.00,0.00,11864.00,12078.00,23942.00
BALLINA,2012,3,13097.00,13152.00,26249.00,0.00,0.00,0.00,13097.00,13152.00,26249.00
BALLINA,2012,4,14958.00,15119.00,30077.00,0.00,0.00,0.00,14958.00,15119.00,30077.00
BALLINA,2012,5,12359.00,12738.00,25097.00,0.00,0.00,0.00,12359.00,12738.00,25097.00
BALLINA,2012,6,12002.00,11339.00,23341.00,0.00,0.00,0.00,12002.00,11339.00,23341.00
BALLINA,2012,7,13998.00,14481.00,28479.00,0.00,0.00,0.00,13998.00,14481.00,28479.00
BALLINA,2012,8,13031.00,13376.00,26407.00,0.00,0.00,0.00,13031.00,13376.00,26407.00
BALLINA,2012,9,15200.00,14538.00,29738.00,0.00,0.00,0.00,15200.00,14538.00,29738.00
BALLINA,2012,10,15682.00,16492.00,32174.00,0.00,0.00,0.00,15682.00,16492.00,32174.00
BALLINA,2012,11,15070.00,15099.00,30169.00,0.00,0.00,0.00,15070.00,15099.00,30169.00
BALLINA,2012,12,17720.00,16588.00,34308.00,0.00,0.00,0.00,17720.00,16588.00,34308.00
BALLINA,2013,1,17319.00,19332.00,36651.00,0.00,0.00,0.00,17319.00,19332.00,36651.00
BALLINA,2013,2,11303.00,11795.00,23098.00,0.00,0.00,0.00,11303.00,11795.00,23098.00
BALLINA,2013,3,14423.00,13705.00,28128.00,0.00,0.00,0.00,14423.00,13705.00,28128.00
BALLINA,2013,4,16197.00,17705.00,33902.00,0.00,0.00,0.00,16197.00,17705.00,33902.00
BALLINA,2013,5,13735.00,13983.00,27718.00,0.00,0.00,0.00,13735.00,13983.00,27718.00
BALLINA,2013,6,14258.00,14033.00,28291.00,0.00,0.00,0.00,14258.00,14033.00,28291.00
BALLINA,2013,7,16020.00,16237.00,32257.00,0.00,0.00,0.00,16020.00,16237.00,32257.00
BALLINA,2013,8,14164.00,14148.00,28312.00,0.00,0.00,0.00,14164.00,14148.00,28312.00
BALLINA,2013,9,17534.00,16433.00,33967.00,0.00,0.00,0.00,17534.00,16433.00,33967.00
BALLINA,2013,10,17876.00,19052.00,36928.00,0.00,0.00,0.00,17876.00,19052.00,36928.00
BALLINA,2013,11,16444.00,16818.00,33262.00,0.00,0.00,0.00,16444.00,16818.00,33262.00
BALLINA,2013,12,20927.00,18906.00,39833.00,0.00,0.00,0.00,20927.00,18906.00,39833.00
BALLINA,2014,1,20119.00,22230.00,42349.00,0.00,0.00,0.00,20119.00,22230.00,42349.00
BALLINA,2014,2,14861.00,15231.00,30092.00,0.00,0.00,0.00,14861.00,15231.00,30092.00
BALLINA,2014,3,15663.00,16084.00,31747.00,0.00,0.00,0.00,15663.00,16084.00,31747.00
BALLINA,2014,4,16926.00,17256.00,34182.00,0.00,0.00,0.00,16926.00,17256.00,34182.00
BALLINA,2014,5,13210.00,13552.00,26762.00,0.00,0.00,0.00,13210.00,13552.00,26762.00
BALLINA,2014,6,14762.00,14552.00,29314.00,0.00,0.00,0.00,14762.00,14552.00,29314.00
BALLINA,2014,7,17839.00,18283.00,36122.00,0.00,0.00,0.00,17839.00,18283.00,36122.00
BALLINA,2014,8,14707.00,15200.00,29907.00,0.00,0.00,0.00,14707.00,15200.00,29907.00
BALLINA,2014,9,19834.00,19049.00,38883.00,0.00,0.00,0.00,19834.00,19049.00,38883.00
BALLINA,2014,10,19283.00,19973.00,39256.00,0.00,0.00,0.00,19283.00,19973.00,39256.00
BALLINA,2014,11,18158.00,18119.00,36277.00,0.00,0.00,0.00,18158.00,18119.00,36277.00
BALLINA,2014,12,20079.00,19225.00,39304.00,0.00,0.00,0.00,20079.00,19225.00,39304.00
BALLINA,2015,1,21764.00,23672.00,45436.00,0.00,0.00,0.00,21764.00,23672.00,45436.00
BALLINA,2015,2,15486.00,15959.00,31445.00,0.00,0.00,0.00,15486.00,15959.00,31445.00
BALLINA,2015,3,18102.00,17984.00,36086.00,0.00,0.00,0.00,18102.00,17984.00,36086.00
BALLINA,2015,4,19599.00,20173.00,39772.00,0.00,0.00,0.00,19599.00,20173.00,39772.00
BALLINA,2015,5,15937.00,16216.00,32153.00,0.00,0.00,0.00,15937.00,16216.00,32153.00
BALLINA,2015,6,16250.00,16135.00,32385.00,0.00,0.00,0.00,16250.00,16135.00,32385.00
BALLINA,2015,7,18513.00,19000.00,37513.00,0.00,0.00,0.00,18513.00,19000.00,37513.00
BALLINA,2015,8,17107.00,17073.00,34180.00,0.00,0.00,0.00,17107.00,17073.00,34180.00
BALLINA,2015,9,21295.00,20346.00,41641.00,0.00,0.00,0.00,21295.00,20346.00,41641.00
BALLINA,2015,10,21492.00,22587.00,44079.00,0.00,0.00,0.00,21492.00,22587.00,44079.00
BALLINA,2015,11,18420.00,18281.00,36701.00,0.00,0.00,0.00,18420.00,18281.00,36701.00
BALLINA,2015,12,22277.00,21230.00,43507.00,0.00,0.00,0.00,22277.00,21230.00,43507.00
BALLINA,2016,1,22620.00,24286.00,46906.00,0.00,0.00,0.00,22620.00,24286.00,46906.00
BALLINA,2016,2,18248.00,18346.00,36594.00,0.00,0.00,0.00,18248.00,18346.00,36594.00
BALLINA,2016,3,21013.00,20676.00,41689.00,0.00,0.00,0.00,21013.00,20676.00,41689.00
BALLINA,2016,4,19736.00,20262.00,39998.00,0.00,0.00,0.00,19736.00,20262.00,39998.00
BALLINA,2016,5,16647.00,17018.00,33665.00,0.00,0.00,0.00,16647.00,17018.00,33665.00
BALLINA,2016,6,16601.00,15990.00,32591.00,0.00,0.00,0.00,16601.00,15990.00,32591.00
BALLINA,2016,7,20878.00,21002.00,41880.00,0.00,0.00,0.00,20878.00,21002.00,41880.00
BALLINA,2016,8,16839.00,17001.00,33840.00,0.00,0.00,0.00,16839.00,17001.00,33840.00
BALLINA,2016,9,22038.00,20627.00,42665.00,0.00,0.00,0.00,22038.00,20627.00,42665.00
BALLINA,2016,10,23453.00,23982.00,47435.00,0.00,0.00,0.00,23453.00,23982.00,47435.00
BALLINA,2016,11,20317.00,20018.00,40335.00,0.00,0.00,0.00,20317.00,20018.00,40335.00
BALLINA,2016,12,25920.00,24405.00,50325.00,0.00,0.00,0.00,25920.00,24405.00,50325.00
BALLINA,2017,1,24867.00,27034.00,51901.00,0.00,0.00,0.00,24867.00,27034.00,51901.00
BALLINA,2017,2,18510.00,18387.00,36897.00,0.00,0.00,0.00,18510.00,18387.00,36897.00
BALLINA,2017,3,20445.00,20625.00,41070.00,0.00,0.00,0.00,20445.00,20625.00,41070.00
BALLINA,2017,4,24319.00,24171.00,48490.00,0.00,0.00,0.00,24319.00,24171.00,48490.00
BALLINA,2017,5,16786.00,17416.00,34202.00,0.00,0.00,0.00,16786.00,17416.00,34202.00
BALLINA,2017,6,17159.00,16600.00,33759.00,0.00,0.00,0.00,17159.00,16600.00,33759.00
BALLINA,2017,7,20665.00,20831.00,41496.00,0.00,0.00,0.00,20665.00,20831.00,41496.00
BALLINA,2017,8,16863.00,16984.00,33847.00,0.00,0.00,0.00,16863.00,16984.00,33847.00
BALLINA,2017,9,22647.00,21343.00,43990.00,0.00,0.00,0.00,22647.00,21343.00,43990.00
BALLINA,2017,10,24283.00,25312.00,49595.00,0.00,0.00,0.00,24283.00,25312.00,49595.00
BALLINA,2017,11,21524.00,21530.00,43054.00,0.00,0.00,0.00,21524.00,21530.00,43054.00
BALLINA,2017,12,26533.00,24745.00,51278.00,0.00,0.00,0.00,26533.00,24745.00,51278.00
BALLINA,2018,1,27192.00,29470.00,56662.00,0.00,0.00,0.00,27192.00,29470.00,56662.00
BALLINA,2018,2,20782.00,20844.00,41626.00,0.00,0.00,0.00,20782.00,20844.00,41626.00
BALLINA,2018,3,22795.00,21894.00,44689.00,0.00,0.00,0.00,22795.00,21894.00,44689.00
BALLINA,2018,4,23004.00,24426.00,47430.00,0.00,0.00,0.00,23004.00,24426.00,47430.00
BALLINA,2018,5,18588.00,18802.00,37390.00,0.00,0.00,0.00,18588.00,18802.00,37390.00
BALLINA,2018,6,18215.00,17502.00,35717.00,0.00,0.00,0.00,18215.00,17502.00,35717.00
BALLINA,2018,7,22997.00,23183.00,46180.00,0.00,0.00,0.00,22997.00,23183.00,46180.00
BALLINA,2018,8,20039.00,20084.00,40123.00,0.00,0.00,0.00,20039.00,20084.00,40123.00
BALLINA,2018,9,21971.00,20995.00,42966.00,0.00,0.00,0.00,21971.00,20995.00,42966.00
BALLINA,2018,10,25099.00,25794.00,50893.00,0.00,0.00,0.00,25099.00,25794.00,50893.00
BALLINA,2018,11,21694.00,21290.00,42984.00,0.00,0.00,0.00,21694.00,21290.00,42984.00
BALLINA,2018,12,26557.00,24963.00,51520.00,0.00,0.00,0.00,26557.00,24963.00,51520.00
BALLINA,2019,1,27119.00,29344.00,56463.00,0.00,0.00,0.00,27119.00,29344.00,56463.00
BALLINA,2019,2,18999.00,19168.00,38167.00,0.00,0.00,0.00,18999.00,19168.00,38167.00
BALLINA,2019,3,22612.00,22596.00,45208.00,0.00,0.00,0.00,22612.00,22596.00,45208.00
BALLINA,2019,4,24051.00,23949.00,48000.00,0.00,0.00,0.00,24051.00,23949.00,48000.00
BALLINA,2019,5,18031.00,18257.00,36288.00,0.00,0.00,0.00,18031.00,18257.00,36288.00
BALLINA,2019,6,17894.00,17387.00,35281.00,0.00,0.00,0.00,17894.00,17387.00,35281.00
BALLINA,2019,7,22932.00,23029.00,45961.00,0.00,0.00,0.00,22932.00,23029.00,45961.00
BALLINA,2019,8,19791.00,19809.00,39600.00,0.00,0.00,0.00,19791.00,19809.00,39600.00
BALLINA,2019,9,22424.00,21109.00,43533.00,0.00,0.00,0.00,22424.00,21109.00,43533.00
BALLINA,2019,10,23850.00,24551.00,48401.00,0.00,0.00,0.00,23850.00,24551.00,48401.00
BALLINA,2019,11,22416.00,22485.00,44901.00,0.00,0.00,0.00,22416.00,22485.00,44901.00
BALLINA,2019,12,27028.00,24448.00,51476.00,0.00,0.00,0.00,27028.00,24448.00,51476.00
BALLINA,2020,1,27390.00,30186.00,57576.00,0.00,0.00,0.00,27390.00,30186.00,57576.00
BALLINA,2020,2,20690.00,20309.00,40999.00,0.00,0.00,0.00,20690.00,20309.00,40999.00
BALLINA,2020,3,13835.00,14568.00,28403.00,0.00,0.00,0.00,13835.00,14568.00,28403.00
BALLINA,2020,4,195.00,182.00,377.00,0.00,0.00,0.00,195.00,182.00,377.00
BALLINA,2020,5,1257.00,1272.00,2529.00,0.00,0.00,0.00,1257.00,1272.00,2529.00
BALLINA,2020,6,4322.00,3587.00,7909.00,0.00,0.00,0.00,4322.00,3587.00,7909.00
BALLINA,2020,7,15858.00,15370.00,31228.00,0.00,0.00,0.00,15858.00,15370.00,31228.00
BALLINA,2020,8,13248.00,13906.00,27154.00,0.00,0.00,0.00,13248.00,13906.00,27154.00
BALLINA,2020,9,18682.00,17462.00,36144.00,0.00,0.00,0.00,18682.00,17462.00,36144.00
BALLINA,2020,10,25422.00,25769.00,51191.00,0.00,0.00,0.00,25422.00,25769.00,51191.00
BALLINA,2020,11,29389.00,26973.00,56362.00,0.00,0.00,0.00,29389.00,26973.00,56362.00
BALLINA,2020,12,35876.00,31529.00,67405.00,0.00,0.00,0.00,35876.00,31529.00,67405.00
BALLINA,2021,1,28046.00,31562.00,59608.00,0.00,0.00,0.00,28046.00,31562.00,59608.00
BALLINA,2021,2,25021.00,24357.00,49378.00,0.00,0.00,0.00,25021.00,24357.00,49378.00
BALLINA,2021,3,28068.00,28406.00,56474.00,0.00,0.00,0.00,28068.00,28406.00,56474.00
BALLINA,2021,4,29364.00,29741.00,59105.00,0.00,0.00,0.00,29364.00,29741.00,59105.00
BALLINA,2021,5,25018.00,26076.00,51094.00,0.00,0.00,0.00,25018.00,26076.00,51094.00
BALLINA,2021,6,22841.00,20763.00,43604.00,0.00,0.00,0.00,22841.00,20763.00,43604.00
BALLINA,2021,7,3537.00,5022.00,8559.00,0.00,0.00,0.00,3537.00,5022.00,8559.00
BALLINA,2021,8,1066.00,1119.00,2185.00,0.00,0.00,0.00,1066.00,1119.00,2185.00
BALLINA,2021,9,1540.00,1321.00,2861.00,0.00,0.00,0.00,1540.00,1321.00,2861.00
BALLINA,2021,10,3896.00,4070.00,7966.00,0.00,0.00,0.00,3896.00,4070.00,7966.00
BALLINA,2021,11,40727.00,36702.00,77429.00,0.00,0.00,0.00,40727.00,36702.00,77429.00
BALLINA,2021,12,55978.00,50443.00,106421.00,0.00,0.00,0.00,55978.00,50443.00,106421.00
BALLINA,2022,1,33426.00,39287.00,72713.00,0.00,0.00,0.00,33426.00,39287.00,72713.00
BALLINA,2022,2,20886.00,20946.00,41832.00,0.00,0.00,0.00,20886.00,20946.00,41832.00
BALLINA,2022,3,21359.00,22365.00,43724.00,0.00,0.00,0.00,21359.00,22365.00,43724.00
BALLINA,2022,4,30264.00,30175.00,60439.00,0.00,0.00,0.00,30264.00,30175.00,60439.00
BALLINA,2022,5,26383.00,27292.00,53675.00,0.00,0.00,0.00,26383.00,27292.00,53675.00
BALLINA,2022,6,25244.00,24336.00,49580.00,0.00,0.00,0.00,25244.00,24336.00,49580.00
BALLINA,2022,7,25628.00,25714.00,51342.00,0.00,0.00,0.00,25628.00,25714.00,51342.00
BALLINA,2022,8,22354.00,23191.00,45545.00,0.00,0.00,0.00,22354.00,23191.00,45545.00
BALLINA,2022,9,25795.00,24241.00,50036.00,0.00,0.00,0.00,25795.00,24241.00,50036.00
BALLINA,2022,10,27176.00,27849.00,55025.00,0.00,0.00,0.00,27176.00,27849.00,55025.00
BALLINA,2022,11,29717.00,28972.00,58689.00,0.00,0.00,0.00,29717.00,28972.00,58689.00
BALLINA,2022,12,28435.00,28278.00,56713.00,0.00,0.00,0.00,28435.00,28278.00,56713.00
BALLINA,2023,1,29525.00,31981.00,61506.00,0.00,0.00,0.00,29525.00,31981.00,61506.00
BALLINA,2023,2,24589.00,24374.00,48963.00,0.00,0.00,0.00,24589.00,24374.00,48963.00
BALLINA,2023,3,29482.00,29328.00,58810.00,0.00,0.00,0.00,29482.00,29328.00,58810.00
BALLINA,2023,4,26230.00,26146.00,52376.00,0.00,0.00,0.00,26230.00,26146.00,52376.00
BALLINA,2023,5,23516.00,24455.00,47971.00,0.00,0.00,0.00,23516.00,24455.00,47971.00
BALLINA,2023,6,23442.00,22194.00,45636.00,0.00,0.00,0.00,23442.00,22194.00,45636.00
BALLINA,2023,7,26226.00,26480.00,52706.00,0.00,0.00,0.00,26226.00,26480.00,52706.00
BALLINA,2023,8,25100.00,25478.00,50578.00,0.00,0.00,0.00,25100.00,25478.00,50578.00
BALLINA,2023,9,28237.00,26806.00,55043.00,0.00,0.00,0.00,28237.00,26806.00,55043.00
BALLINA,2023,10,27510.00,28163.00,55673.00,0.00,0.00,0.00,27510.00,28163.00,55673.00
BALLINA,2023,11,26925.00,26298.00,53223.00,0.00,0.00,0.00,26925.00,26298.00,53223.00
BALLINA,2023,12,28729.00,27966.00,56695.00,0.00,0.00,0.00,28729.00,27966.00,56695.00
BALLINA,2024,1,26601.00,27920.00,54521.00,0.00,0.00,0.00,26601.00,27920.00,54521.00
BALLINA,2024,2,24718.00,24905.00,49623.00,0.00,0.00,0.00,24718.00,24905.00,49623.00
BALLINA,2024,3,26858.00,25954.00,52812.00,0.00,0.00,0.00,26858.00,25954.00,52812.00
BALLINA,2024,4,25631.00,26794.00,52425.00,0.00,0.00,0.00,25631.00,26794.00,52425.00
BALLINA,2024,5,21835.00,22396.00,44231.00,0.00,0.00,0.00,21835.00,22396.00,44231.00
BALLINA,2024,6,21503.00,21225.00,42728.00,0.00,0.00,0.00,21503.00,21225.00,42728.00
BALLINA,2024,7,26249.00,26428.00,52677.00,0.00,0.00,0.00,26249.00,26428.00,52677.00
BALLINA,2024,8,24886.00,25156.00,50042.00,0.00,0.00,0.00,24886.00,25156.00,50042.00
BALLINA,2024,9,27439.00,26218.00,53657.00,0.00,0.00,0.00,27439.00,26218.00,53657.00
BALLINA,2024,10,28977.00,30004.00,58981.00,0.00,0.00,0.00,28977.00,30004.00,58981.00
BALLINA,2024,11,28675.00,28789.00,57464.00,0.00,0.00,0.00,28675.00,28789.00,57464.00
BALLINA,2024,12,30117.00,28942.00,59059.00,0.00,0.00,0.00,30117.00,28942.00,59059.00
BALLINA,2025,1,29111.00,29961.00,59072.00,0.00,0.00,0.00,29111.00,29961.00,59072.00
BALLINA,2025,2,23640.00,23582.00,47222.00,0.00,0.00,0.00,23640.00,23582.00,47222.00
BALLINA,2025,3,20974.00,19983.00,40957.00,0.00,0.00,0.00,20974.00,19983.00,40957.00
BALLINA,2025,4,25251.00,25482.00,50733.00,0.00,0.00,0.00,25251.00,25482.00,50733.00
BALLINA,2025,5,20354.00,21207.00,41561.00,0.00,0.00,0.00,20354.00,21207.00,41561.00
BALLINA,2025,6,20173.00,20475.00,40648.00,0.00,0.00,0.00,20173.00,20475.00,40648.00
BRISBANE,2009,1,626445.00,632882.00,1259327.00,205011.00,172799.00,377810.00,831456.00,805681.00,1637137.00
BRISBANE,2009,2,520093.00,519172.00,1039265.00,156061.00,144635.00,300696.00,676154.00,663807.00,1339961.00
BRISBANE,2009,3,594507.00,593558.00,1188065.00,156115.00,158487.00,314602.00,750622.00,752045.00,1502667.00
BRISBANE,2009,4,608593.00,604520.00,1213113.00,161297.00,173044.00,334341.00,769890.00,777564.00,1547454.00
BRISBANE,2009,5,584999.00,579257.00,1164256.00,148025.00,155486.00,303511.00,733024.00,734743.00,1467767.00
BRISBANE,2009,6,569266.00,568461.00,1137727.00,151730.00,172408.00,324138.00,720996.00,740869.00,1461865.00
BRISBANE,2009,7,645966.00,634920.00,1280886.00,199264.00,172957.00,372221.00,845230.00,807877.00,1653107.00
BRISBANE,2009,8,612792.00,611221.00,1224013.00,169620.00,183377.00,352997.00,782412.00,794598.00,1577010.00
BRISBANE,2009,9,637070.00,631560.00,1268630.00,175337.00,183274.00,358611.00,812407.00,814834.00,1627241.00
BRISBANE,2009,10,663699.00,667650.00,1331349.00,191678.00,172089.00,363767.00,855377.00,839739.00,1695116.00
BRISBANE,2009,11,611573.00,619324.00,1230897.00,161768.00,173891.00,335659.00,773341.00,793215.00,1566556.00
BRISBANE,2009,12,633923.00,624473.00,1258396.00,175947.00,202871.00,378818.00,809870.00,827344.00,1637214.00
BRISBANE,2010,1,584635.00,595191.00,1179826.00,203308.00,173057.00,376365.00,787943.00,768248.00,1556191.00
BRISBANE,2010,2,545876.00,545378.00,1091254.00,160009.00,147233.00,307242.00,705885.00,692611.00,1398496.00
BRISBANE,2010,3,605994.00,603265.00,1209259.00,162490.00,168234.00,330724.00,768484.00,771499.00,1539983.00
BRISBANE,2010,4,621672.00,626921.00,1248593.00,161473.00,166938.00,328411.00,783145.00,793859.00,1577004.00
BRISBANE,2010,5,596680.00,592018.00,1188698.00,149297.00,158209.00,307506.00,745977.00,750227.00,1496204.00
BRISBANE,2010,6,609580.00,612834.00,1222414.00,163393.00,187027.00,350420.00,772973.00,799861.00,1572834.00
BRISBANE,2010,7,695302.00,675766.00,1371068.00,220390.00,188120.00,408510.00,915692.00,863886.00,1779578.00
BRISBANE,2010,8,661735.00,667083.00,1328818.00,179247.00,194188.00,373435.00,840982.00,861271.00,1702253.00
BRISBANE,2010,9,687199.00,679663.00,1366862.00,187251.00,193066.00,380317.00,874450.00,872729.00,1747179.00
BRISBANE,2010,10,705758.00,711488.00,1417246.00,197989.00,178468.00,376457.00,903747.00,889956.00,1793703.00
BRISBANE,2010,11,663810.00,669962.00,1333772.00,167586.00,178601.00,346187.00,831396.00,848563.00,1679959.00
BRISBANE,2010,12,696432.00,683949.00,1380381.00,183545.00,213138.00,396683.00,879977.00,897087.00,1777064.00
BRISBANE,2011,1,583192.00,600245.00,1183437.00,216100.00,179977.00,396077.00,799292.00,780222.00,1579514.00
BRISBANE,2011,2,550493.00,554263.00,1104756.00,160230.00,146869.00,307099.00,710723.00,701132.00,1411855.00
BRISBANE,2011,3,639595.00,638987.00,1278582.00,155406.00,155471.00,310877.00,795001.00,794458.00,1589459.00
BRISBANE,2011,4,659295.00,659943.00,1319238.00,170423.00,184505.00,354928.00,829718.00,844448.00,1674166.00
BRISBANE,2011,5,646930.00,644697.00,1291627.00,165542.00,168888.00,334430.00,812472.00,813585.00,1626057.00
BRISBANE,2011,6,625865.00,632359.00,1258224.00,166624.00,189150.00,355774.00,792489.00,821509.00,1613998.00
BRISBANE,2011,7,728844.00,703758.00,1432602.00,230003.00,191645.00,421648.00,958847.00,895403.00,1854250.00
BRISBANE,2011,8,695252.00,696200.00,1391452.00,186412.00,198789.00,385201.00,881664.00,894989.00,1776653.00
BRISBANE,2011,9,707665.00,694602.00,1402267.00,191295.00,200297.00,391592.00,898960.00,894899.00,1793859.00
BRISBANE,2011,10,711157.00,722627.00,1433784.00,216988.00,183402.00,400390.00,928145.00,906029.00,1834174.00
BRISBANE,2011,11,687385.00,697645.00,1385030.00,177310.00,187609.00,364919.00,864695.00,885254.00,1749949.00
BRISBANE,2011,12,713241.00,694743.00,1407984.00,196012.00,225920.00,421932.00,909253.00,920663.00,1829916.00
BRISBANE,2012,1,652897.00,672445.00,1325342.00,230713.00,186380.00,417093.00,883610.00,858825.00,1742435.00
BRISBANE,2012,2,598252.00,600302.00,1198554.00,171310.00,151617.00,322927.00,769562.00,751919.00,1521481.00
BRISBANE,2012,3,685394.00,684321.00,1369715.00,169085.00,171101.00,340186.00,854479.00,855422.00,1709901.00
BRISBANE,2012,4,672498.00,672012.00,1344510.00,180955.00,181959.00,362914.00,853453.00,853971.00,1707424.00
BRISBANE,2012,5,670557.00,669601.00,1340158.00,157384.00,162873.00,320257.00,827941.00,832474.00,1660415.00
BRISBANE,2012,6,658058.00,664158.00,1322216.00,178946.00,191999.00,370945.00,837004.00,856157.00,1693161.00
BRISBANE,2012,7,733530.00,726697.00,1460227.00,220763.00,184288.00,405051.00,954293.00,910985.00,1865278.00
BRISBANE,2012,8,720138.00,712978.00,1433116.00,183399.00,190788.00,374187.00,903537.00,903766.00,1807303.00
BRISBANE,2012,9,719914.00,713252.00,1433166.00,191827.00,196811.00,388638.00,911741.00,910063.00,1821804.00
BRISBANE,2012,10,755041.00,759021.00,1514062.00,212706.00,180386.00,393092.00,967747.00,939407.00,1907154.00
BRISBANE,2012,11,722127.00,720893.00,1443020.00,175100.00,184029.00,359129.00,897227.00,904922.00,1802149.00
BRISBANE,2012,12,717679.00,699584.00,1417263.00,200049.00,216945.00,416994.00,917728.00,916529.00,1834257.00
BRISBANE,2013,1,654088.00,674779.00,1328867.00,222033.00,181468.00,403501.00,876121.00,856247.00,1732368.00
BRISBANE,2013,2,600209.00,600660.00,1200869.00,176148.00,156465.00,332613.00,776357.00,757125.00,1533482.00
BRISBANE,2013,3,676094.00,669643.00,1345737.00,180132.00,184082.00,364214.00,856226.00,853725.00,1709951.00
BRISBANE,2013,4,682036.00,674360.00,1356396.00,183072.00,174775.00,357847.00,865108.00,849135.00,1714243.00
BRISBANE,2013,5,669358.00,667312.00,1336670.00,166381.00,173192.00,339573.00,835739.00,840504.00,1676243.00
BRISBANE,2013,6,667894.00,684459.00,1352353.00,186576.00,201564.00,388140.00,854470.00,886023.00,1740493.00
BRISBANE,2013,7,762731.00,745224.00,1507955.00,234492.00,190947.00,425439.00,997223.00,936171.00,1933394.00
BRISBANE,2013,8,729675.00,720843.00,1450518.00,202091.00,209981.00,412072.00,931766.00,930824.00,1862590.00
BRISBANE,2013,9,721283.00,714519.00,1435802.00,203232.00,209090.00,412322.00,924515.00,923609.00,1848124.00
BRISBANE,2013,10,768788.00,774774.00,1543562.00,225003.00,188766.00,413769.00,993791.00,963540.00,1957331.00
BRISBANE,2013,11,718088.00,718447.00,1436535.00,184757.00,192166.00,376923.00,902845.00,910613.00,1813458.00
BRISBANE,2013,12,750551.00,729882.00,1480433.00,209001.00,233727.00,442728.00,959552.00,963609.00,1923161.00
BRISBANE,2014,1,683604.00,688577.00,1372181.00,243665.00,197869.00,441534.00,927269.00,886446.00,1813715.00
BRISBANE,2014,2,611754.00,613347.00,1225101.00,184183.00,168744.00,352927.00,795937.00,782091.00,1578028.00
BRISBANE,2014,3,697430.00,695026.00,1392456.00,182017.00,180736.00,362753.00,879447.00,875762.00,1755209.00
BRISBANE,2014,4,717116.00,713104.00,1430220.00,203052.00,203842.00,406894.00,920168.00,916946.00,1837114.00
BRISBANE,2014,5,690348.00,686761.00,1377109.00,181007.00,186442.00,367449.00,871355.00,873203.00,1744558.00
BRISBANE,2014,6,677315.00,684118.00,1361433.00,185947.00,207236.00,393183.00,863262.00,891354.00,1754616.00
BRISBANE,2014,7,767925.00,756240.00,1524165.00,247977.00,207772.00,455749.00,1015902.00,964012.00,1979914.00
BRISBANE,2014,8,724926.00,719873.00,1444799.00,213173.00,223083.00,436256.00,938099.00,942956.00,1881055.00
BRISBANE,2014,9,723998.00,723032.00,1447030.00,216209.00,214891.00,431100.00,940207.00,937923.00,1878130.00
BRISBANE,2014,10,776924.00,780848.00,1557772.00,234133.00,204479.00,438612.00,1011057.00,985327.00,1996384.00
BRISBANE,2014,11,693076.00,696103.00,1389179.00,197992.00,207211.00,405203.00,891068.00,903314.00,1794382.00
BRISBANE,2014,12,739816.00,721575.00,1461391.00,221355.00,251966.00,473321.00,961171.00,973541.00,1934712.00
BRISBANE,2015,1,649819.00,670411.00,1320230.00,259107.00,217528.00,476635.00,908926.00,887939.00,1796865.00
BRISBANE,2015,2,594295.00,594204.00,1188499.00,204702.00,186053.00,390755.00,798997.00,780257.00,1579254.00
BRISBANE,2015,3,697493.00,691926.00,1389419.00,205557.00,209665.00,415222.00,903050.00,901591.00,1804641.00
BRISBANE,2015,4,691971.00,694729.00,1386700.00,205882.00,212965.00,418847.00,897853.00,907694.00,1805547.00
BRISBANE,2015,5,668512.00,665042.00,1333554.00,189075.00,198431.00,387506.00,857587.00,863473.00,1721060.00
BRISBANE,2015,6,665708.00,666152.00,1331860.00,194338.00,219792.00,414130.00,860046.00,885944.00,1745990.00
BRISBANE,2015,7,772477.00,755862.00,1528339.00,246477.00,216603.00,463080.00,1018954.00,972465.00,1991419.00
BRISBANE,2015,8,701345.00,703706.00,1405051.00,217948.00,232266.00,450214.00,919293.00,935972.00,1855265.00
BRISBANE,2015,9,734237.00,724209.00,1458446.00,222465.00,226764.00,449229.00,956702.00,950973.00,1907675.00
BRISBANE,2015,10,752480.00,761055.00,1513535.00,242288.00,216271.00,458559.00,994768.00,977326.00,1972094.00
BRISBANE,2015,11,716798.00,726921.00,1443719.00,202450.00,210900.00,413350.00,919248.00,937821.00,1857069.00
BRISBANE,2015,12,754152.00,733470.00,1487622.00,232652.00,268343.00,500995.00,986804.00,1001813.00,1988617.00
BRISBANE,2016,1,668003.00,684524.00,1352527.00,272608.00,233848.00,506456.00,940611.00,918372.00,1858983.00
BRISBANE,2016,2,627222.00,628947.00,1256169.00,212385.00,196486.00,408871.00,839607.00,825433.00,1665040.00
BRISBANE,2016,3,710475.00,717302.00,1427777.00,207898.00,219618.00,427516.00,918373.00,936920.00,1855293.00
BRISBANE,2016,4,698082.00,690470.00,1388552.00,212414.00,207393.00,419807.00,910496.00,897863.00,1808359.00
BRISBANE,2016,5,684637.00,680157.00,1364794.00,192720.00,200906.00,393626.00,877357.00,881063.00,1758420.00
BRISBANE,2016,6,686183.00,685336.00,1371519.00,201824.00,228594.00,430418.00,888007.00,913930.00,1801937.00
BRISBANE,2016,7,774563.00,759615.00,1534178.00,265175.00,226192.00,491367.00,1039738.00,985807.00,2025545.00
BRISBANE,2016,8,717033.00,719211.00,1436244.00,221238.00,238799.00,460037.00,938271.00,958010.00,1896281.00
BRISBANE,2016,9,751149.00,738748.00,1489897.00,235700.00,237262.00,472962.00,986849.00,976010.00,1962859.00
BRISBANE,2016,10,745465.00,757564.00,1503029.00,251916.00,231523.00,483439.00,997381.00,989087.00,1986468.00
BRISBANE,2016,11,715585.00,722357.00,1437942.00,212287.00,226400.00,438687.00,927872.00,948757.00,1876629.00
BRISBANE,2016,12,760279.00,732945.00,1493224.00,242936.00,273622.00,516558.00,1003215.00,1006567.00,2009782.00
BRISBANE,2017,1,679191.00,700014.00,1379205.00,280306.00,243488.00,523794.00,959497.00,943502.00,1902999.00
BRISBANE,2017,2,603110.00,607321.00,1210431.00,217270.00,195290.00,412560.00,820380.00,802611.00,1622991.00
BRISBANE,2017,3,704824.00,700905.00,1405729.00,215447.00,224530.00,439977.00,920271.00,925435.00,1845706.00
BRISBANE,2017,4,700334.00,701979.00,1402313.00,236642.00,240158.00,476800.00,936976.00,942137.00,1879113.00
BRISBANE,2017,5,693729.00,679803.00,1373532.00,207596.00,219433.00,427029.00,901325.00,899236.00,1800561.00
BRISBANE,2017,6,692620.00,694779.00,1387399.00,216431.00,240442.00,456873.00,909051.00,935221.00,1844272.00
BRISBANE,2017,7,785638.00,777468.00,1563106.00,272272.00,237677.00,509949.00,1057910.00,1015145.00,2073055.00
BRISBANE,2017,8,732144.00,735371.00,1467515.00,233723.00,250234.00,483957.00,965867.00,985605.00,1951472.00
BRISBANE,2017,9,757027.00,737443.00,1494470.00,245888.00,248264.00,494152.00,1002915.00,985707.00,1988622.00
BRISBANE,2017,10,764991.00,789151.00,1554142.00,260136.00,234779.00,494915.00,1025127.00,1023930.00,2049057.00
BRISBANE,2017,11,738661.00,741905.00,1480566.00,222363.00,235437.00,457800.00,961024.00,977342.00,1938366.00
BRISBANE,2017,12,763468.00,738050.00,1501518.00,257004.00,294531.00,551535.00,1020472.00,1032581.00,2053053.00
BRISBANE,2018,1,681869.00,696460.00,1378329.00,296079.00,248966.00,545045.00,977948.00,945426.00,1923374.00
BRISBANE,2018,2,627502.00,632036.00,1259538.00,231627.00,211703.00,443330.00,859129.00,843739.00,1702868.00
BRISBANE,2018,3,732614.00,724871.00,1457485.00,241454.00,245843.00,487297.00,974068.00,970714.00,1944782.00
BRISBANE,2018,4,702211.00,701528.00,1403739.00,243330.00,247399.00,490729.00,945541.00,948927.00,1894468.00
BRISBANE,2018,5,705597.00,704367.00,1409964.00,222438.00,234141.00,456579.00,928035.00,938508.00,1866543.00
BRISBANE,2018,6,684834.00,679775.00,1364609.00,230782.00,257206.00,487988.00,915616.00,936981.00,1852597.00
BRISBANE,2018,7,803426.00,793303.00,1596729.00,297336.00,255284.00,552620.00,1100762.00,1048587.00,2149349.00
BRISBANE,2018,8,756649.00,754898.00,1511547.00,256833.00,277712.00,534545.00,1013482.00,1032610.00,2046092.00
BRISBANE,2018,9,732027.00,722595.00,1454622.00,257304.00,271474.00,528778.00,989331.00,994069.00,1983400.00
BRISBANE,2018,10,775645.00,787653.00,1563298.00,284433.00,248094.00,532527.00,1060078.00,1035747.00,2095825.00
BRISBANE,2018,11,745591.00,744689.00,1490280.00,231942.00,246721.00,478663.00,977533.00,991410.00,1968943.00
BRISBANE,2018,12,744079.00,720310.00,1464389.00,265519.00,308614.00,574133.00,1009598.00,1028924.00,2038522.00
BRISBANE,2019,1,680091.00,694414.00,1374505.00,317314.00,268620.00,585934.00,997405.00,963034.00,1960439.00
BRISBANE,2019,2,616250.00,622404.00,1238654.00,242960.00,216993.00,459953.00,859210.00,839397.00,1698607.00
BRISBANE,2019,3,716941.00,707741.00,1424682.00,236208.00,242477.00,478685.00,953149.00,950218.00,1903367.00
BRISBANE,2019,4,729676.00,729399.00,1459075.00,253286.00,268696.00,521982.00,982962.00,998095.00,1981057.00
BRISBANE,2019,5,713574.00,705242.00,1418816.00,239373.00,246644.00,486017.00,952947.00,951886.00,1904833.00
BRISBANE,2019,6,688110.00,690716.00,1378826.00,242225.00,271760.00,513985.00,930335.00,962476.00,1892811.00
BRISBANE,2019,7,807079.00,791137.00,1598216.00,313718.00,267968.00,581686.00,1120797.00,1059105.00,2179902.00
BRISBANE,2019,8,767014.00,761185.00,1528199.00,272091.00,295442.00,567533.00,1039105.00,1056627.00,2095732.00
BRISBANE,2019,9,760862.00,757044.00,1517906.00,262254.00,278326.00,540580.00,1023116.00,1035370.00,2058486.00
BRISBANE,2019,10,807162.00,817472.00,1624634.00,295301.00,259813.00,555114.00,1102463.00,1077285.00,2179748.00
BRISBANE,2019,11,746493.00,752828.00,1499321.00,255212.00,266720.00,521932.00,1001705.00,1019548.00,2021253.00
BRISBANE,2019,12,773116.00,744192.00,1517308.00,284412.00,327751.00,612163.00,1057528.00,1071943.00,2129471.00
BRISBANE,2020,1,707885.00,734476.00,1442361.00,333471.00,283668.00,617139.00,1041356.00,1018144.00,2059500.00
BRISBANE,2020,2,606981.00,612685.00,1219666.00,223875.00,197282.00,421157.00,830856.00,809967.00,1640823.00
BRISBANE,2020,3,445000.00,440149.00,885149.00,138690.00,125177.00,263867.00,583690.00,565326.00,1149016.00
BRISBANE,2020,4,26799.00,28101.00,54900.00,2379.00,6582.00,8961.00,29178.00,34683.00,63861.00
BRISBANE,2020,5,32659.00,32637.00,65296.00,1809.00,2679.00,4488.00,34468.00,35316.00,69784.00
BRISBANE,2020,6,71393.00,76000.00,147393.00,4496.00,5537.00,10033.00,75889.00,81537.00,157426.00
BRISBANE,2020,7,180038.00,171365.00,351403.00,3985.00,7081.00,11066.00,184023.00,178446.00,362469.00
BRISBANE,2020,8,140987.00,146225.00,287212.00,2853.00,8057.00,10910.00,143840.00,154282.00,298122.00
BRISBANE,2020,9,154735.00,156829.00,311564.00,2123.00,5762.00,7885.00,156858.00,162591.00,319449.00
BRISBANE,2020,10,193051.00,184825.00,377876.00,5315.00,7184.00,12499.00,198366.00,192009.00,390375.00
BRISBANE,2020,11,217430.00,224522.00,441952.00,4601.00,4844.00,9445.00,222031.00,229366.00,451397.00
BRISBANE,2020,12,414477.00,387548.00,802025.00,5302.00,5539.00,10841.00,419779.00,393087.00,812866.00
BRISBANE,2021,1,267902.00,283907.00,551809.00,4659.00,5284.00,9943.00,272561.00,289191.00,561752.00
BRISBANE,2021,2,298130.00,300469.00,598599.00,4586.00,4144.00,8730.00,302716.00,304613.00,607329.00
BRISBANE,2021,3,427648.00,425920.00,853568.00,6444.00,3936.00,10380.00,434092.00,429856.00,863948.00
BRISBANE,2021,4,429654.00,437156.00,866810.00,9980.00,11642.00,21622.00,439634.00,448798.00,888432.00
BRISBANE,2021,5,511000.00,503556.00,1014556.00,25723.00,22710.00,48433.00,536723.00,526266.00,1062989.00
BRISBANE,2021,6,430307.00,432858.00,863165.00,28021.00,24882.00,52903.00,458328.00,457740.00,916068.00
BRISBANE,2021,7,249494.00,245299.00,494793.00,19956.00,21025.00,40981.00,269450.00,266324.00,535774.00
BRISBANE,2021,8,121497.00,122053.00,243550.00,5549.00,4909.00,10458.00,127046.00,126962.00,254008.00
BRISBANE,2021,9,218867.00,223494.00,442361.00,3420.00,4240.00,7660.00,222287.00,227734.00,450021.00
BRISBANE,2021,10,234056.00,228529.00,462585.00,3399.00,4891.00,8290.00,237455.00,233420.00,470875.00
BRISBANE,2021,11,250852.00,253869.00,504721.00,2578.00,7419.00,9997.00,253430.00,261288.00,514718.00
BRISBANE,2021,12,395624.00,366513.00,762137.00,4454.00,14148.00,18602.00,400078.00,380661.00,780739.00
BRISBANE,2022,1,344849.00,354577.00,699426.00,13581.00,11602.00,25183.00,358430.00,366179.00,724609.00
BRISBANE,2022,2,353768.00,356813.00,710581.00,29642.00,16900.00,46542.00,383410.00,373713.00,757123.00
BRISBANE,2022,3,512295.00,519705.00,1032000.00,44992.00,40392.00,85384.00,557287.00,560097.00,1117384.00
BRISBANE,2022,4,656158.00,657024.00,1313182.00,75699.00,78551.00,154250.00,731857.00,735575.00,1467432.00
BRISBANE,2022,5,634184.00,628422.00,1262606.00,84015.00,90484.00,174499.00,718199.00,718906.00,1437105.00
BRISBANE,2022,6,654731.00,657804.00,1312535.00,96894.00,110899.00,207793.00,751625.00,768703.00,1520328.00
BRISBANE,2022,7,698031.00,688182.00,1386213.00,141980.00,131641.00,273621.00,840011.00,819823.00,1659834.00
BRISBANE,2022,8,644200.00,639823.00,1284023.00,139711.00,135646.00,275357.00,783911.00,775469.00,1559380.00
BRISBANE,2022,9,677647.00,667478.00,1345125.00,147935.00,143906.00,291841.00,825582.00,811384.00,1636966.00
BRISBANE,2022,10,694615.00,697835.00,1392450.00,164173.00,145909.00,310082.00,858788.00,843744.00,1702532.00
BRISBANE,2022,11,662151.00,674355.00,1336506.00,160209.00,164470.00,324679.00,822360.00,838825.00,1661185.00
BRISBANE,2022,12,655328.00,644468.00,1299796.00,168050.00,192056.00,360106.00,823378.00,836524.00,1659902.00
BRISBANE,2023,1,615812.00,622489.00,1238301.00,202387.00,175332.00,377719.00,818199.00,797821.00,1616020.00
BRISBANE,2023,2,572715.00,567534.00,1140249.00,165788.00,148389.00,314177.00,738503.00,715923.00,1454426.00
BRISBANE,2023,3,687168.00,693293.00,1380461.00,173754.00,173503.00,347257.00,860922.00,866796.00,1727718.00
BRISBANE,2023,4,666202.00,655732.00,1321934.00,177699.00,184288.00,361987.00,843901.00,840020.00,1683921.00
BRISBANE,2023,5,670900.00,666949.00,1337849.00,173763.00,180078.00,353841.00,844663.00,847027.00,1691690.00
BRISBANE,2023,6,673019.00,668794.00,1341813.00,190044.00,207687.00,397731.00,863063.00,876481.00,1739544.00
BRISBANE,2023,7,730163.00,708229.00,1438392.00,225371.00,206945.00,432316.00,955534.00,915174.00,1870708.00
BRISBANE,2023,8,708809.00,706897.00,1415706.00,207038.00,215279.00,422317.00,915847.00,922176.00,1838023.00
BRISBANE,2023,9,727365.00,722667.00,1450032.00,217038.00,216383.00,433421.00,944403.00,939050.00,1883453.00
BRISBANE,2023,10,730214.00,737807.00,1468021.00,225733.00,208142.00,433875.00,955947.00,945949.00,1901896.00
BRISBANE,2023,11,711614.00,719765.00,1431379.00,213208.00,227229.00,440437.00,924822.00,946994.00,1871816.00
BRISBANE,2023,12,696715.00,682245.00,1378960.00,249928.00,280462.00,530390.00,946643.00,962707.00,1909350.00
BRISBANE,2024,1,626280.00,631193.00,1257473.00,284827.00,238356.00,523183.00,911107.00,869549.00,1780656.00
BRISBANE,2024,2,633353.00,637597.00,1270950.00,241020.00,221717.00,462737.00,874373.00,859314.00,1733687.00
BRISBANE,2024,3,691994.00,687596.00,1379590.00,240810.00,249842.00,490652.00,932804.00,937438.00,1870242.00
BRISBANE,2024,4,677898.00,672768.00,1350666.00,233829.00,234502.00,468331.00,911727.00,907270.00,1818997.00
BRISBANE,2024,5,705787.00,700883.00,1406670.00,221626.00,231012.00,452638.00,927413.00,931895.00,1859308.00
BRISBANE,2024,6,698055.00,711252.00,1409307.00,234534.00,252607.00,487141.00,932589.00,963859.00,1896448.00
BRISBANE,2024,7,773587.00,750986.00,1524573.00,279427.00,244221.00,523648.00,1053014.00,995207.00,2048221.00
BRISBANE,2024,8,738386.00,735451.00,1473837.00,248309.00,263879.00,512188.00,986695.00,999330.00,1986025.00
BRISBANE,2024,9,755785.00,740514.00,1496299.00,260420.00,267838.00,528258.00,1016205.00,1008352.00,2024557.00
BRISBANE,2024,10,775966.00,793705.00,1569671.00,278725.00,258579.00,537304.00,1054691.00,1052284.00,2106975.00
BRISBANE,2024,11,742575.00,752242.00,1494817.00,257240.00,275082.00,532322.00,999815.00,1027324.00,2027139.00
BRISBANE,2024,12,741628.00,731302.00,1472930.00,292785.00,335351.00,628136.00,1034413.00,1066653.00,2101066.00
BRISBANE,2025,1,702488.00,705463.00,1407951.00,344059.00,293588.00,637647.00,1046547.00,999051.00,2045598.00
BRISBANE,2025,2,629383.00,623803.00,1253186.00,262101.00,233161.00,495262.00,891484.00,856964.00,1748448.00
BRISBANE,2025,3,642328.00,645696.00,1288024.00,241768.00,245700.00,487468.00,884096.00,891396.00,1775492.00
BRISBANE,2025,4,741206.00,735043.00,1476249.00,268046.00,284719.00,552765.00,1009252.00,1019762.00,2029014.00
BRISBANE,2025,5,728386.00,719228.00,1447614.00,261414.00,262439.00,523853.00,989800.00,981667.00,1971467.00
BRISBANE,2025,6,698485.00,718994.00,1417479.00,263642.00,281568.00,545210.00,962127.00,1000562.00,1962689.00
CAIRNS,2009,1,130359.00,138023.00,268382.00,18537.00,16984.00,35521.00,148896.00,155007.00,303903.00
CAIRNS,2009,2,102988.00,106588.00,209576.00,15352.00,14234.00,29586.00,118340.00,120822.00,239162.00
CAIRNS,2009,3,118938.00,118160.00,237098.00,18198.00,17539.00,35737.00,137136.00,135699.00,272835.00
CAIRNS,2009,4,128098.00,127789.00,255887.00,16231.00,15879.00,32110.00,144329.00,143668.00,287997.00
CAIRNS,2009,5,120353.00,121254.00,241607.00,14333.00,15001.00,29334.00,134686.00,136255.00,270941.00
CAIRNS,2009,6,126032.00,121247.00,247279.00,14746.00,14498.00,29244.00,140778.00,135745.00,276523.00
CAIRNS,2009,7,155297.00,153463.00,308760.00,17755.00,16377.00,34132.00,173052.00,169840.00,342892.00
CAIRNS,2009,8,142390.00,147829.00,290219.00,18813.00,19954.00,38767.00,161203.00,167783.00,328986.00
CAIRNS,2009,9,141266.00,135231.00,276497.00,18699.00,18824.00,37523.00,159965.00,154055.00,314020.00
CAIRNS,2009,10,144382.00,145780.00,290162.00,18559.00,17194.00,35753.00,162941.00,162974.00,325915.00
CAIRNS,2009,11,130274.00,131348.00,261622.00,16111.00,16589.00,32700.00,146385.00,147937.00,294322.00
CAIRNS,2009,12,124533.00,121771.00,246304.00,18047.00,16349.00,34396.00,142580.00,138120.00,280700.00
CAIRNS,2010,1,115618.00,122164.00,237782.00,16968.00,16811.00,33779.00,132586.00,138975.00,271561.00
CAIRNS,2010,2,109475.00,113285.00,222760.00,18708.00,15744.00,34452.00,128183.00,129029.00,257212.00
CAIRNS,2010,3,117633.00,114623.00,232256.00,18641.00,18119.00,36760.00,136274.00,132742.00,269016.00
CAIRNS,2010,4,123075.00,126177.00,249252.00,19035.00,19013.00,38048.00,142110.00,145190.00,287300.00
CAIRNS,2010,5,120298.00,118481.00,238779.00,16586.00,18067.00,34653.00,136884.00,136548.00,273432.00
CAIRNS,2010,6,138996.00,129471.00,268467.00,17905.00,18512.00,36417.00,156901.00,147983.00,304884.00
CAIRNS,2010,7,159579.00,160532.00,320111.00,24341.00,20546.00,44887.00,183920.00,181078.00,364998.00
CAIRNS,2010,8,149446.00,153659.00,303105.00,24728.00,27474.00,52202.00,174174.00,181133.00,355307.00
CAIRNS,2010,9,155627.00,146363.00,301990.00,24691.00,24656.00,49347.00,180318.00,171019.00,351337.00
CAIRNS,2010,10,155810.00,161684.00,317494.00,23636.00,21613.00,45249.00,179446.00,183297.00,362743.00
CAIRNS,2010,11,137290.00,140552.00,277842.00,22274.00,22039.00,44313.00,159564.00,162591.00,322155.00
CAIRNS,2010,12,145414.00,138845.00,284259.00,22953.00,22813.00,45766.00,168367.00,161658.00,330025.00
CAIRNS,2011,1,129363.00,135005.00,264368.00,22107.00,22050.00,44157.00,151470.00,157055.00,308525.00
CAIRNS,2011,2,107247.00,110367.00,217614.00,18556.00,16331.00,34887.00,125803.00,126698.00,252501.00
CAIRNS,2011,3,120947.00,121066.00,242013.00,19990.00,19163.00,39153.00,140937.00,140229.00,281166.00
CAIRNS,2011,4,138443.00,134419.00,272862.00,18519.00,18859.00,37378.00,156962.00,153278.00,310240.00
CAIRNS,2011,5,130729.00,130933.00,261662.00,17356.00,18504.00,35860.00,148085.00,149437.00,297522.00
CAIRNS,2011,6,146939.00,138109.00,285048.00,19085.00,18693.00,37778.00,166024.00,156802.00,322826.00
CAIRNS,2011,7,168361.00,169448.00,337809.00,26916.00,22192.00,49108.00,195277.00,191640.00,386917.00
CAIRNS,2011,8,155585.00,161361.00,316946.00,25287.00,27519.00,52806.00,180872.00,188880.00,369752.00
CAIRNS,2011,9,152813.00,144176.00,296989.00,23082.00,24708.00,47790.00,175895.00,168884.00,344779.00
CAIRNS,2011,10,152406.00,159147.00,311553.00,23564.00,21727.00,45291.00,175970.00,180874.00,356844.00
CAIRNS,2011,11,136771.00,140387.00,277158.00,19625.00,19528.00,39153.00,156396.00,159915.00,316311.00
CAIRNS,2011,12,141033.00,136042.00,277075.00,20453.00,20258.00,40711.00,161486.00,156300.00,317786.00
CAIRNS,2012,1,137858.00,145152.00,283010.00,20310.00,19523.00,39833.00,158168.00,164675.00,322843.00
CAIRNS,2012,2,109778.00,114481.00,224259.00,19335.00,17247.00,36582.00,129113.00,131728.00,260841.00
CAIRNS,2012,3,129302.00,127120.00,256422.00,20417.00,20853.00,41270.00,149719.00,147973.00,297692.00
CAIRNS,2012,4,143393.00,143788.00,287181.00,19108.00,19012.00,38120.00,162501.00,162800.00,325301.00
CAIRNS,2012,5,137338.00,134226.00,271564.00,17032.00,18281.00,35313.00,154370.00,152507.00,306877.00
CAIRNS,2012,6,154180.00,144376.00,298556.00,18641.00,19582.00,38223.00,172821.00,163958.00,336779.00
CAIRNS,2012,7,174535.00,179859.00,354394.00,24553.00,20007.00,44560.00,199088.00,199866.00,398954.00
CAIRNS,2012,8,161718.00,168050.00,329768.00,25790.00,27104.00,52894.00,187508.00,195154.00,382662.00
CAIRNS,2012,9,162460.00,154247.00,316707.00,22772.00,24224.00,46996.00,185232.00,178471.00,363703.00
CAIRNS,2012,10,166184.00,177593.00,343777.00,23142.00,20398.00,43540.00,189326.00,197991.00,387317.00
CAIRNS,2012,11,151728.00,157888.00,309616.00,23103.00,23068.00,46171.00,174831.00,180956.00,355787.00
CAIRNS,2012,12,150197.00,143744.00,293941.00,23186.00,24671.00,47857.00,173383.00,168415.00,341798.00
CAIRNS,2013,1,139922.00,152258.00,292180.00,23084.00,21479.00,44563.00,163006.00,173737.00,336743.00
CAIRNS,2013,2,123938.00,128914.00,252852.00,21829.00,20189.00,42018.00,145767.00,149103.00,294870.00
CAIRNS,2013,3,133590.00,128582.00,262172.00,21533.00,21190.00,42723.00,155123.00,149772.00,304895.00
CAIRNS,2013,4,144224.00,151242.00,295466.00,18953.00,18806.00,37759.00,163177.00,170048.00,333225.00
CAIRNS,2013,5,136268.00,134823.00,271091.00,15953.00,17390.00,33343.00,152221.00,152213.00,304434.00
CAIRNS,2013,6,165711.00,152438.00,318149.00,16920.00,18395.00,35315.00,182631.00,170833.00,353464.00
CAIRNS,2013,7,184689.00,193806.00,378495.00,24150.00,19409.00,43559.00,208839.00,213215.00,422054.00
CAIRNS,2013,8,175719.00,181971.00,357690.00,24696.00,27564.00,52260.00,200415.00,209535.00,409950.00
CAIRNS,2013,9,174335.00,166530.00,340865.00,20101.00,21374.00,41475.00,194436.00,187904.00,382340.00
CAIRNS,2013,10,171668.00,182915.00,354583.00,22144.00,18929.00,41073.00,193812.00,201844.00,395656.00
CAIRNS,2013,11,150984.00,155655.00,306639.00,17798.00,18220.00,36018.00,168782.00,173875.00,342657.00
CAIRNS,2013,12,165079.00,159070.00,324149.00,20333.00,21652.00,41985.00,185412.00,180722.00,366134.00
CAIRNS,2014,1,160822.00,172757.00,333579.00,23911.00,20221.00,44132.00,184733.00,192978.00,377711.00
CAIRNS,2014,2,126598.00,135121.00,261719.00,20129.00,19117.00,39246.00,146727.00,154238.00,300965.00
CAIRNS,2014,3,135222.00,137603.00,272825.00,19065.00,18792.00,37857.00,154287.00,156395.00,310682.00
CAIRNS,2014,4,156096.00,155713.00,311809.00,14670.00,16394.00,31064.00,170766.00,172107.00,342873.00
CAIRNS,2014,5,140494.00,140629.00,281123.00,13715.00,15252.00,28967.00,154209.00,155881.00,310090.00
CAIRNS,2014,6,157186.00,146090.00,303276.00,15273.00,16675.00,31948.00,172459.00,162765.00,335224.00
CAIRNS,2014,7,190882.00,193790.00,384672.00,23638.00,18074.00,41712.00,214520.00,211864.00,426384.00
CAIRNS,2014,8,176583.00,183251.00,359834.00,23182.00,26286.00,49468.00,199765.00,209537.00,409302.00
CAIRNS,2014,9,176654.00,165752.00,342406.00,19242.00,22088.00,41330.00,195896.00,187840.00,383736.00
CAIRNS,2014,10,175380.00,184351.00,359731.00,21715.00,18589.00,40304.00,197095.00,202940.00,400035.00
CAIRNS,2014,11,154640.00,159052.00,313692.00,16906.00,17259.00,34165.00,171546.00,176311.00,347857.00
CAIRNS,2014,12,171023.00,161710.00,332733.00,19374.00,21343.00,40717.00,190397.00,183053.00,373450.00
CAIRNS,2015,1,152476.00,165203.00,317679.00,22204.00,20752.00,42956.00,174680.00,185955.00,360635.00
CAIRNS,2015,2,140012.00,144177.00,284189.00,24375.00,20661.00,45036.00,164387.00,164838.00,329225.00
CAIRNS,2015,3,142490.00,140180.00,282670.00,19341.00,21334.00,40675.00,161831.00,161514.00,323345.00
CAIRNS,2015,4,155106.00,159990.00,315096.00,18491.00,19824.00,38315.00,173597.00,179814.00,353411.00
CAIRNS,2015,5,145872.00,144667.00,290539.00,17628.00,19137.00,36765.00,163500.00,163804.00,327304.00
CAIRNS,2015,6,166490.00,152862.00,319352.00,17394.00,19542.00,36936.00,183884.00,172404.00,356288.00
CAIRNS,2015,7,192616.00,197402.00,390018.00,28199.00,23289.00,51488.00,220815.00,220691.00,441506.00
CAIRNS,2015,8,181781.00,189008.00,370789.00,27312.00,30336.00,57648.00,209093.00,219344.00,428437.00
CAIRNS,2015,9,180672.00,171210.00,351882.00,23846.00,26196.00,50042.00,204518.00,197406.00,401924.00
CAIRNS,2015,10,178571.00,187352.00,365923.00,25590.00,23096.00,48686.00,204161.00,210448.00,414609.00
CAIRNS,2015,11,165109.00,167707.00,332816.00,21836.00,23067.00,44903.00,186945.00,190774.00,377719.00
CAIRNS,2015,12,182390.00,171966.00,354356.00,24899.00,27384.00,52283.00,207289.00,199350.00,406639.00
CAIRNS,2016,1,166392.00,180143.00,346535.00,28354.00,25600.00,53954.00,194746.00,205743.00,400489.00
CAIRNS,2016,2,147359.00,150684.00,298043.00,29128.00,28700.00,57828.00,176487.00,179384.00,355871.00
CAIRNS,2016,3,161725.00,158261.00,319986.00,26429.00,29816.00,56245.00,188154.00,188077.00,376231.00
CAIRNS,2016,4,158962.00,163293.00,322255.00,25976.00,25867.00,51843.00,184938.00,189160.00,374098.00
CAIRNS,2016,5,153667.00,154045.00,307712.00,18986.00,22772.00,41758.00,172653.00,176817.00,349470.00
CAIRNS,2016,6,177835.00,162796.00,340631.00,20267.00,23078.00,43345.00,198102.00,185874.00,383976.00
CAIRNS,2016,7,205259.00,208746.00,414005.00,28946.00,24878.00,53824.00,234205.00,233624.00,467829.00
CAIRNS,2016,8,189152.00,195768.00,384920.00,28342.00,33282.00,61624.00,217494.00,229050.00,446544.00
CAIRNS,2016,9,191670.00,182330.00,374000.00,27185.00,29632.00,56817.00,218855.00,211962.00,430817.00
CAIRNS,2016,10,190492.00,197416.00,387908.00,27703.00,26910.00,54613.00,218195.00,224326.00,442521.00
CAIRNS,2016,11,171693.00,174915.00,346608.00,23821.00,26864.00,50685.00,195514.00,201779.00,397293.00
CAIRNS,2016,12,188179.00,177439.00,365618.00,28437.00,31320.00,59757.00,216616.00,208759.00,425375.00
CAIRNS,2017,1,179645.00,190243.00,369888.00,31070.00,29762.00,60832.00,210715.00,220005.00,430720.00
CAIRNS,2017,2,136709.00,142652.00,279361.00,24322.00,24762.00,49084.00,161031.00,167414.00,328445.00
CAIRNS,2017,3,159059.00,158396.00,317455.00,27174.00,30646.00,57820.00,186233.00,189042.00,375275.00
CAIRNS,2017,4,181848.00,180316.00,362164.00,24815.00,27684.00,52499.00,206663.00,208000.00,414663.00
CAIRNS,2017,5,155382.00,157929.00,313311.00,19798.00,24128.00,43926.00,175180.00,182057.00,357237.00
CAIRNS,2017,6,173798.00,161089.00,334887.00,22086.00,24497.00,46583.00,195884.00,185586.00,381470.00
CAIRNS,2017,7,208892.00,213575.00,422467.00,31200.00,26249.00,57449.00,240092.00,239824.00,479916.00
CAIRNS,2017,8,190495.00,196881.00,387376.00,30565.00,36935.00,67500.00,221060.00,233816.00,454876.00
CAIRNS,2017,9,192190.00,182477.00,374667.00,27687.00,28833.00,56520.00,219877.00,211310.00,431187.00
CAIRNS,2017,10,193857.00,204903.00,398760.00,27636.00,27173.00,54809.00,221493.00,232076.00,453569.00
CAIRNS,2017,11,174737.00,176302.00,351039.00,24211.00,27170.00,51381.00,198948.00,203472.00,402420.00
CAIRNS,2017,12,187915.00,179021.00,366936.00,29556.00,34214.00,63770.00,217471.00,213235.00,430706.00
CAIRNS,2018,1,174815.00,189015.00,363830.00,33610.00,29869.00,63479.00,208425.00,218884.00,427309.00
CAIRNS,2018,2,148120.00,153832.00,301952.00,29756.00,28672.00,58428.00,177876.00,182504.00,360380.00
CAIRNS,2018,3,166498.00,160548.00,327046.00,28706.00,30677.00,59383.00,195204.00,191225.00,386429.00
CAIRNS,2018,4,169060.00,177203.00,346263.00,24471.00,25518.00,49989.00,193531.00,202721.00,396252.00
CAIRNS,2018,5,160164.00,161252.00,321416.00,20491.00,23509.00,44000.00,180655.00,184761.00,365416.00
CAIRNS,2018,6,172358.00,162744.00,335102.00,22089.00,23370.00,45459.00,194447.00,186114.00,380561.00
CAIRNS,2018,7,210462.00,214490.00,424952.00,32402.00,27031.00,59433.00,242864.00,241521.00,484385.00
CAIRNS,2018,8,196958.00,203255.00,400213.00,33261.00,36904.00,70165.00,230219.00,240159.00,470378.00
CAIRNS,2018,9,186993.00,181215.00,368208.00,26298.00,27264.00,53562.00,213291.00,208479.00,421770.00
CAIRNS,2018,10,191602.00,202568.00,394170.00,28446.00,26124.00,54570.00,220048.00,228692.00,448740.00
CAIRNS,2018,11,169838.00,173124.00,342962.00,22546.00,22310.00,44856.00,192384.00,195434.00,387818.00
CAIRNS,2018,12,182221.00,174912.00,357133.00,28415.00,30812.00,59227.00,210636.00,205724.00,416360.00
CAIRNS,2019,1,165466.00,182593.00,348059.00,35119.00,28466.00,63585.00,200585.00,211059.00,411644.00
CAIRNS,2019,2,137677.00,144222.00,281899.00,30795.00,25815.00,56610.00,168472.00,170037.00,338509.00
CAIRNS,2019,3,148353.00,148820.00,297173.00,27643.00,27018.00,54661.00,175996.00,175838.00,351834.00
CAIRNS,2019,4,174165.00,174537.00,348702.00,26308.00,26781.00,53089.00,200473.00,201318.00,401791.00
CAIRNS,2019,5,155803.00,156734.00,312537.00,21257.00,24427.00,45684.00,177060.00,181161.00,358221.00
CAIRNS,2019,6,165242.00,156860.00,322102.00,22586.00,22671.00,45257.00,187828.00,179531.00,367359.00
CAIRNS,2019,7,202599.00,207474.00,410073.00,32703.00,26768.00,59471.00,235302.00,234242.00,469544.00
CAIRNS,2019,8,186770.00,193366.00,380136.00,31853.00,35300.00,67153.00,218623.00,228666.00,447289.00
CAIRNS,2019,9,179272.00,175399.00,354671.00,27488.00,27903.00,55391.00,206760.00,203302.00,410062.00
CAIRNS,2019,10,186674.00,198083.00,384757.00,29088.00,24945.00,54033.00,215762.00,223028.00,438790.00
CAIRNS,2019,11,166611.00,170095.00,336706.00,21997.00,22149.00,44146.00,188608.00,192244.00,380852.00
CAIRNS,2019,12,178108.00,171434.00,349542.00,25408.00,27336.00,52744.00,203516.00,198770.00,402286.00
CAIRNS,2020,1,167386.00,180829.00,348215.00,28638.00,24465.00,53103.00,196024.00,205294.00,401318.00
CAIRNS,2020,2,112318.00,121118.00,233436.00,24070.00,19120.00,43190.00,136388.00,140238.00,276626.00
CAIRNS,2020,3,87371.00,93860.00,181231.00,10976.00,10079.00,21055.00,98347.00,103939.00,202286.00
CAIRNS,2020,4,3459.00,3967.00,7426.00,30.00,24.00,54.00,3489.00,3991.00,7480.00
CAIRNS,2020,5,4457.00,4324.00,8781.00,37.00,55.00,92.00,4494.00,4379.00,8873.00
CAIRNS,2020,6,13751.00,12639.00,26390.00,102.00,144.00,246.00,13853.00,12783.00,26636.00
CAIRNS,2020,7,54621.00,49769.00,104390.00,53.00,72.00,125.00,54674.00,49841.00,104515.00
CAIRNS,2020,8,47105.00,50717.00,97822.00,79.00,58.00,137.00,47184.00,50775.00,97959.00
CAIRNS,2020,9,63478.00,61080.00,124558.00,94.00,68.00,162.00,63572.00,61148.00,124720.00
CAIRNS,2020,10,64549.00,68830.00,133379.00,130.00,108.00,238.00,64679.00,68938.00,133617.00
CAIRNS,2020,11,61386.00,63204.00,124590.00,367.00,96.00,463.00,61753.00,63300.00,125053.00
CAIRNS,2020,12,104291.00,92785.00,197076.00,250.00,106.00,356.00,104541.00,92891.00,197432.00
CAIRNS,2021,1,81168.00,94999.00,176167.00,267.00,127.00,394.00,81435.00,95126.00,176561.00
CAIRNS,2021,2,61052.00,61666.00,122718.00,184.00,104.00,288.00,61236.00,61770.00,123006.00
CAIRNS,2021,3,96171.00,89306.00,185477.00,171.00,47.00,218.00,96342.00,89353.00,185695.00
CAIRNS,2021,4,139312.00,137320.00,276632.00,0.00,0.00,0.00,139312.00,137320.00,276632.00
CAIRNS,2021,5,138197.00,136872.00,275069.00,0.00,0.00,0.00,138197.00,136872.00,275069.00
CAIRNS,2021,6,136235.00,124787.00,261022.00,283.00,275.00,558.00,136518.00,125062.00,261580.00
CAIRNS,2021,7,105136.00,122044.00,227180.00,434.00,550.00,984.00,105570.00,122594.00,228164.00
CAIRNS,2021,8,42963.00,46215.00,89178.00,0.00,0.00,0.00,42963.00,46215.00,89178.00
CAIRNS,2021,9,82306.00,78141.00,160447.00,0.00,0.00,0.00,82306.00,78141.00,160447.00
CAIRNS,2021,10,80925.00,85901.00,166826.00,0.00,3.00,3.00,80925.00,85904.00,166829.00
CAIRNS,2021,11,76280.00,79303.00,155583.00,0.00,19.00,19.00,76280.00,79322.00,155602.00
CAIRNS,2021,12,117397.00,98493.00,215890.00,0.00,26.00,26.00,117397.00,98519.00,215916.00
CAIRNS,2022,1,101593.00,119639.00,221232.00,0.00,68.00,68.00,101593.00,119707.00,221300.00
CAIRNS,2022,2,74950.00,73920.00,148870.00,0.00,111.00,111.00,74950.00,74031.00,148981.00
CAIRNS,2022,3,112705.00,109426.00,222131.00,107.00,250.00,357.00,112812.00,109676.00,222488.00
CAIRNS,2022,4,176984.00,170675.00,347659.00,1597.00,1374.00,2971.00,178581.00,172049.00,350630.00
CAIRNS,2022,5,152773.00,152054.00,304827.00,2277.00,3020.00,5297.00,155050.00,155074.00,310124.00
CAIRNS,2022,6,181033.00,165059.00,346092.00,4037.00,5344.00,9381.00,185070.00,170403.00,355473.00
CAIRNS,2022,7,188524.00,196632.00,385156.00,10314.00,8022.00,18336.00,198838.00,204654.00,403492.00
CAIRNS,2022,8,173475.00,178869.00,352344.00,11323.00,10614.00,21937.00,184798.00,189483.00,374281.00
CAIRNS,2022,9,184671.00,178202.00,362873.00,7586.00,7664.00,15250.00,192257.00,185866.00,378123.00
CAIRNS,2022,10,179425.00,188390.00,367815.00,10261.00,8440.00,18701.00,189686.00,196830.00,386516.00
CAIRNS,2022,11,149558.00,155164.00,304722.00,7692.00,9456.00,17148.00,157250.00,164620.00,321870.00
CAIRNS,2022,12,159727.00,149179.00,308906.00,11267.00,14438.00,25705.00,170994.00,163617.00,334611.00
CAIRNS,2023,1,143420.00,155313.00,298733.00,15885.00,13920.00,29805.00,159305.00,169233.00,328538.00
CAIRNS,2023,2,111683.00,116266.00,227949.00,15903.00,11957.00,27860.00,127586.00,128223.00,255809.00
CAIRNS,2023,3,142578.00,139756.00,282334.00,15864.00,17120.00,32984.00,158442.00,156876.00,315318.00
CAIRNS,2023,4,163902.00,166802.00,330704.00,18602.00,16245.00,34847.00,182504.00,183047.00,365551.00
CAIRNS,2023,5,158107.00,158050.00,316157.00,16952.00,18037.00,34989.00,175059.00,176087.00,351146.00
CAIRNS,2023,6,177738.00,166490.00,344228.00,18226.00,18794.00,37020.00,195964.00,185284.00,381248.00
CAIRNS,2023,7,195021.00,204360.00,399381.00,28855.00,20136.00,48991.00,223876.00,224496.00,448372.00
CAIRNS,2023,8,188325.00,193286.00,381611.00,27315.00,27939.00,55254.00,215640.00,221225.00,436865.00
CAIRNS,2023,9,191936.00,186040.00,377976.00,25026.00,28228.00,53254.00,216962.00,214268.00,431230.00
CAIRNS,2023,10,184789.00,195082.00,379871.00,27532.00,24665.00,52197.00,212321.00,219747.00,432068.00
CAIRNS,2023,11,162243.00,165589.00,327832.00,24233.00,25047.00,49280.00,186476.00,190636.00,377112.00
CAIRNS,2023,12,145746.00,139468.00,285214.00,23460.00,26852.00,50312.00,169206.00,166320.00,335526.00
CAIRNS,2024,1,150684.00,160317.00,311001.00,29351.00,26377.00,55728.00,180035.00,186694.00,366729.00
CAIRNS,2024,2,133177.00,137650.00,270827.00,25916.00,22413.00,48329.00,159093.00,160063.00,319156.00
CAIRNS,2024,3,153296.00,147367.00,300663.00,24446.00,26343.00,50789.00,177742.00,173710.00,351452.00
CAIRNS,2024,4,165086.00,171624.00,336710.00,23397.00,22580.00,45977.00,188483.00,194204.00,382687.00
CAIRNS,2024,5,160997.00,159965.00,320962.00,20443.00,23586.00,44029.00,181440.00,183551.00,364991.00
CAIRNS,2024,6,176673.00,167064.00,343737.00,22641.00,22635.00,45276.00,199314.00,189699.00,389013.00
CAIRNS,2024,7,201172.00,205630.00,406802.00,27423.00,21350.00,48773.00,228595.00,226980.00,455575.00
CAIRNS,2024,8,188138.00,192151.00,380289.00,27481.00,30285.00,57766.00,215619.00,222436.00,438055.00
CAIRNS,2024,9,188611.00,183120.00,371731.00,27762.00,29529.00,57291.00,216373.00,212649.00,429022.00
CAIRNS,2024,10,184965.00,194744.00,379709.00,30318.00,27470.00,57788.00,215283.00,222214.00,437497.00
CAIRNS,2024,11,157626.00,161553.00,319179.00,25281.00,27624.00,52905.00,182907.00,189177.00,372084.00
CAIRNS,2024,12,168072.00,160494.00,328566.00,29355.00,31908.00,61263.00,197427.00,192402.00,389829.00
CAIRNS,2025,1,163541.00,174575.00,338116.00,35472.00,30729.00,66201.00,199013.00,205304.00,404317.00
CAIRNS,2025,2,119585.00,125616.00,245201.00,28424.00,24675.00,53099.00,148009.00,150291.00,298300.00
CAIRNS,2025,3,141108.00,138369.00,279477.00,24957.00,26231.00,51188.00,166065.00,164600.00,330665.00
CAIRNS,2025,4,171491.00,169709.00,341200.00,26035.00,28149.00,54184.00,197526.00,197858.00,395384.00
CAIRNS,2025,5,157384.00,157130.00,314514.00,25189.00,26296.00,51485.00,182573.00,183426.00,365999.00
CAIRNS,2025,6,173218.00,164521.00,337739.00,26128.00,26882.00,53010.00,199346.00,191403.00,390749.00
CANBERRA,2009,1,108207.00,101081.00,209288.00,0.00,0.00,0.00,108207.00,101081.00,209288.00
CANBERRA,2009,2,116663.00,113554.00,230217.00,0.00,0.00,0.00,116663.00,113554.00,230217.00
CANBERRA,2009,3,140251.00,140587.00,280838.00,0.00,0.00,0.00,140251.00,140587.00,280838.00
CANBERRA,2009,4,131170.00,133295.00,264465.00,0.00,0.00,0.00,131170.00,133295.00,264465.00
CANBERRA,2009,5,133275.00,133030.00,266305.00,0.00,0.00,0.00,133275.00,133030.00,266305.00
CANBERRA,2009,6,129877.00,128886.00,258763.00,0.00,0.00,0.00,129877.00,128886.00,258763.00
CANBERRA,2009,7,135477.00,134669.00,270146.00,0.00,0.00,0.00,135477.00,134669.00,270146.00
CANBERRA,2009,8,140898.00,139037.00,279935.00,0.00,0.00,0.00,140898.00,139037.00,279935.00
CANBERRA,2009,9,138413.00,140091.00,278504.00,0.00,0.00,0.00,138413.00,140091.00,278504.00
CANBERRA,2009,10,139171.00,136886.00,276057.00,0.00,0.00,0.00,139171.00,136886.00,276057.00
CANBERRA,2009,11,140350.00,136400.00,276750.00,0.00,0.00,0.00,140350.00,136400.00,276750.00
CANBERRA,2009,12,124879.00,132273.00,257152.00,0.00,0.00,0.00,124879.00,132273.00,257152.00
CANBERRA,2010,1,115316.00,108511.00,223827.00,0.00,0.00,0.00,115316.00,108511.00,223827.00
CANBERRA,2010,2,127933.00,125520.00,253453.00,0.00,0.00,0.00,127933.00,125520.00,253453.00
CANBERRA,2010,3,159259.00,158643.00,317902.00,0.00,0.00,0.00,159259.00,158643.00,317902.00
CANBERRA,2010,4,137603.00,139037.00,276640.00,0.00,0.00,0.00,137603.00,139037.00,276640.00
CANBERRA,2010,5,135630.00,135664.00,271294.00,0.00,0.00,0.00,135630.00,135664.00,271294.00
CANBERRA,2010,6,138443.00,138293.00,276736.00,0.00,0.00,0.00,138443.00,138293.00,276736.00
CANBERRA,2010,7,140048.00,140533.00,280581.00,0.00,0.00,0.00,140048.00,140533.00,280581.00
CANBERRA,2010,8,138899.00,135985.00,274884.00,0.00,0.00,0.00,138899.00,135985.00,274884.00
CANBERRA,2010,9,137827.00,142801.00,280628.00,0.00,0.00,0.00,137827.00,142801.00,280628.00
CANBERRA,2010,10,150238.00,143708.00,293946.00,0.00,0.00,0.00,150238.00,143708.00,293946.00
CANBERRA,2010,11,146185.00,144206.00,290391.00,0.00,0.00,0.00,146185.00,144206.00,290391.00
CANBERRA,2010,12,127064.00,136664.00,263728.00,0.00,0.00,0.00,127064.00,136664.00,263728.00
CANBERRA,2011,1,112590.00,103009.00,215599.00,0.00,0.00,0.00,112590.00,103009.00,215599.00
CANBERRA,2011,2,123300.00,118760.00,242060.00,0.00,0.00,0.00,123300.00,118760.00,242060.00
CANBERRA,2011,3,147553.00,148135.00,295688.00,0.00,0.00,0.00,147553.00,148135.00,295688.00
CANBERRA,2011,4,133303.00,136882.00,270185.00,0.00,0.00,0.00,133303.00,136882.00,270185.00
CANBERRA,2011,5,139177.00,136996.00,276173.00,0.00,0.00,0.00,139177.00,136996.00,276173.00
CANBERRA,2011,6,127137.00,129848.00,256985.00,0.00,0.00,0.00,127137.00,129848.00,256985.00
CANBERRA,2011,7,141140.00,139594.00,280734.00,0.00,0.00,0.00,141140.00,139594.00,280734.00
CANBERRA,2011,8,143160.00,139888.00,283048.00,0.00,0.00,0.00,143160.00,139888.00,283048.00
CANBERRA,2011,9,141455.00,142946.00,284401.00,0.00,0.00,0.00,141455.00,142946.00,284401.00
CANBERRA,2011,10,138124.00,134276.00,272400.00,0.00,0.00,0.00,138124.00,134276.00,272400.00
CANBERRA,2011,11,140335.00,138342.00,278677.00,0.00,0.00,0.00,140335.00,138342.00,278677.00
CANBERRA,2011,12,121309.00,130966.00,252275.00,0.00,0.00,0.00,121309.00,130966.00,252275.00
CANBERRA,2012,1,109033.00,99199.00,208232.00,0.00,0.00,0.00,109033.00,99199.00,208232.00
CANBERRA,2012,2,121419.00,116842.00,238261.00,0.00,0.00,0.00,121419.00,116842.00,238261.00
CANBERRA,2012,3,141394.00,144121.00,285515.00,0.00,0.00,0.00,141394.00,144121.00,285515.00
CANBERRA,2012,4,126610.00,127383.00,253993.00,0.00,0.00,0.00,126610.00,127383.00,253993.00
CANBERRA,2012,5,133853.00,135314.00,269167.00,0.00,0.00,0.00,133853.00,135314.00,269167.00
CANBERRA,2012,6,125070.00,126912.00,251982.00,0.00,0.00,0.00,125070.00,126912.00,251982.00
CANBERRA,2012,7,131577.00,128069.00,259646.00,0.00,0.00,0.00,131577.00,128069.00,259646.00
CANBERRA,2012,8,131733.00,133657.00,265390.00,0.00,0.00,0.00,131733.00,133657.00,265390.00
CANBERRA,2012,9,128890.00,130406.00,259296.00,0.00,0.00,0.00,128890.00,130406.00,259296.00
CANBERRA,2012,10,138679.00,130767.00,269446.00,0.00,0.00,0.00,138679.00,130767.00,269446.00
CANBERRA,2012,11,135284.00,135565.00,270849.00,0.00,0.00,0.00,135284.00,135565.00,270849.00
CANBERRA,2012,12,113399.00,120717.00,234116.00,0.00,0.00,0.00,113399.00,120717.00,234116.00
CANBERRA,2013,1,103477.00,94142.00,197619.00,0.00,0.00,0.00,103477.00,94142.00,197619.00
CANBERRA,2013,2,113732.00,110963.00,224695.00,0.00,0.00,0.00,113732.00,110963.00,224695.00
CANBERRA,2013,3,134918.00,136345.00,271263.00,0.00,0.00,0.00,134918.00,136345.00,271263.00
CANBERRA,2013,4,124558.00,124378.00,248936.00,0.00,0.00,0.00,124558.00,124378.00,248936.00
CANBERRA,2013,5,129017.00,131160.00,260177.00,0.00,0.00,0.00,129017.00,131160.00,260177.00
CANBERRA,2013,6,126482.00,126045.00,252527.00,0.00,0.00,0.00,126482.00,126045.00,252527.00
CANBERRA,2013,7,128750.00,126930.00,255680.00,0.00,0.00,0.00,128750.00,126930.00,255680.00
CANBERRA,2013,8,126778.00,127395.00,254173.00,0.00,0.00,0.00,126778.00,127395.00,254173.00
CANBERRA,2013,9,120563.00,122006.00,242569.00,0.00,0.00,0.00,120563.00,122006.00,242569.00
CANBERRA,2013,10,134709.00,128025.00,262734.00,0.00,0.00,0.00,134709.00,128025.00,262734.00
CANBERRA,2013,11,127922.00,128151.00,256073.00,0.00,0.00,0.00,127922.00,128151.00,256073.00
CANBERRA,2013,12,112159.00,117843.00,230002.00,0.00,0.00,0.00,112159.00,117843.00,230002.00
CANBERRA,2014,1,97433.00,90215.00,187648.00,0.00,0.00,0.00,97433.00,90215.00,187648.00
CANBERRA,2014,2,106417.00,102807.00,209224.00,0.00,0.00,0.00,106417.00,102807.00,209224.00
CANBERRA,2014,3,124681.00,125533.00,250214.00,0.00,0.00,0.00,124681.00,125533.00,250214.00
CANBERRA,2014,4,114029.00,115205.00,229234.00,0.00,0.00,0.00,114029.00,115205.00,229234.00
CANBERRA,2014,5,120764.00,123275.00,244039.00,0.00,0.00,0.00,120764.00,123275.00,244039.00
CANBERRA,2014,6,118607.00,117421.00,236028.00,0.00,0.00,0.00,118607.00,117421.00,236028.00
CANBERRA,2014,7,122917.00,121468.00,244385.00,0.00,0.00,0.00,122917.00,121468.00,244385.00
CANBERRA,2014,8,120988.00,120574.00,241562.00,0.00,0.00,0.00,120988.00,120574.00,241562.00
CANBERRA,2014,9,121363.00,121743.00,243106.00,0.00,0.00,0.00,121363.00,121743.00,243106.00
CANBERRA,2014,10,131857.00,128821.00,260678.00,0.00,0.00,0.00,131857.00,128821.00,260678.00
CANBERRA,2014,11,122435.00,120113.00,242548.00,0.00,0.00,0.00,122435.00,120113.00,242548.00
CANBERRA,2014,12,108108.00,115048.00,223156.00,0.00,0.00,0.00,108108.00,115048.00,223156.00
CANBERRA,2015,1,94689.00,86462.00,181151.00,0.00,0.00,0.00,94689.00,86462.00,181151.00
CANBERRA,2015,2,104237.00,100964.00,205201.00,0.00,0.00,0.00,104237.00,100964.00,205201.00
CANBERRA,2015,3,126132.00,125655.00,251787.00,0.00,0.00,0.00,126132.00,125655.00,251787.00
CANBERRA,2015,4,114563.00,117067.00,231630.00,0.00,0.00,0.00,114563.00,117067.00,231630.00
CANBERRA,2015,5,120603.00,121584.00,242187.00,0.00,0.00,0.00,120603.00,121584.00,242187.00
CANBERRA,2015,6,118741.00,118659.00,237400.00,0.00,0.00,0.00,118741.00,118659.00,237400.00
CANBERRA,2015,7,123396.00,123872.00,247268.00,0.00,0.00,0.00,123396.00,123872.00,247268.00
CANBERRA,2015,8,121935.00,119718.00,241653.00,0.00,0.00,0.00,121935.00,119718.00,241653.00
CANBERRA,2015,9,121215.00,122296.00,243511.00,0.00,0.00,0.00,121215.00,122296.00,243511.00
CANBERRA,2015,10,126705.00,122960.00,249665.00,0.00,0.00,0.00,126705.00,122960.00,249665.00
CANBERRA,2015,11,127260.00,123247.00,250507.00,0.00,0.00,0.00,127260.00,123247.00,250507.00
CANBERRA,2015,12,107340.00,116006.00,223346.00,0.00,0.00,0.00,107340.00,116006.00,223346.00
CANBERRA,2016,1,95222.00,85827.00,181049.00,0.00,0.00,0.00,95222.00,85827.00,181049.00
CANBERRA,2016,2,113441.00,110029.00,223470.00,0.00,0.00,0.00,113441.00,110029.00,223470.00
CANBERRA,2016,3,125542.00,126699.00,252241.00,0.00,0.00,0.00,125542.00,126699.00,252241.00
CANBERRA,2016,4,118371.00,122047.00,240418.00,0.00,0.00,0.00,118371.00,122047.00,240418.00
CANBERRA,2016,5,121205.00,120895.00,242100.00,0.00,0.00,0.00,121205.00,120895.00,242100.00
CANBERRA,2016,6,116467.00,119291.00,235758.00,0.00,0.00,0.00,116467.00,119291.00,235758.00
CANBERRA,2016,7,124246.00,122447.00,246693.00,0.00,0.00,0.00,124246.00,122447.00,246693.00
CANBERRA,2016,8,126885.00,123817.00,250702.00,0.00,0.00,0.00,126885.00,123817.00,250702.00
CANBERRA,2016,9,123755.00,129234.00,252989.00,1421.00,1784.00,3205.00,125176.00,131018.00,256194.00
CANBERRA,2016,10,131890.00,124676.00,256566.00,3821.00,3174.00,6995.00,135711.00,127850.00,263561.00
CANBERRA,2016,11,134343.00,131391.00,265734.00,3393.00,3274.00,6667.00,137736.00,134665.00,272401.00
CANBERRA,2016,12,113363.00,124710.00,238073.00,2743.00,4161.00,6904.00,116106.00,128871.00,244977.00
CANBERRA,2017,1,101509.00,90217.00,191726.00,4665.00,3403.00,8068.00,106174.00,93620.00,199794.00
CANBERRA,2017,2,114565.00,110886.00,225451.00,3255.00,2652.00,5907.00,117820.00,113538.00,231358.00
CANBERRA,2017,3,135406.00,138246.00,273652.00,3369.00,3140.00,6509.00,138775.00,141386.00,280161.00
CANBERRA,2017,4,118282.00,119097.00,237379.00,3961.00,3427.00,7388.00,122243.00,122524.00,244767.00
CANBERRA,2017,5,128920.00,129619.00,258539.00,2794.00,2737.00,5531.00,131714.00,132356.00,264070.00
CANBERRA,2017,6,123485.00,128500.00,251985.00,3031.00,3727.00,6758.00,126516.00,132227.00,258743.00
CANBERRA,2017,7,131376.00,127611.00,258987.00,3918.00,2969.00,6887.00,135294.00,130580.00,265874.00
CANBERRA,2017,8,131056.00,131328.00,262384.00,3477.00,3076.00,6553.00,134533.00,134404.00,268937.00
CANBERRA,2017,9,131749.00,135681.00,267430.00,3582.00,3692.00,7274.00,135331.00,139373.00,274704.00
CANBERRA,2017,10,139380.00,132630.00,272010.00,4306.00,3250.00,7556.00,143686.00,135880.00,279566.00
CANBERRA,2017,11,138446.00,137892.00,276338.00,3759.00,3404.00,7163.00,142205.00,141296.00,283501.00
CANBERRA,2017,12,117225.00,128234.00,245459.00,3747.00,5094.00,8841.00,120972.00,133328.00,254300.00
CANBERRA,2018,1,104856.00,94239.00,199095.00,5278.00,3714.00,8992.00,110134.00,97953.00,208087.00
CANBERRA,2018,2,119614.00,114799.00,234413.00,3841.00,3174.00,7015.00,123455.00,117973.00,241428.00
CANBERRA,2018,3,138912.00,143798.00,282710.00,3975.00,3737.00,7712.00,142887.00,147535.00,290422.00
CANBERRA,2018,4,128524.00,128730.00,257254.00,4859.00,4717.00,9576.00,133383.00,133447.00,266830.00
CANBERRA,2018,5,135746.00,136978.00,272724.00,2930.00,4225.00,7155.00,138676.00,141203.00,279879.00
CANBERRA,2018,6,127237.00,129749.00,256986.00,3422.00,4773.00,8195.00,130659.00,134522.00,265181.00
CANBERRA,2018,7,141914.00,138351.00,280265.00,4197.00,4585.00,8782.00,146111.00,142936.00,289047.00
CANBERRA,2018,8,140734.00,141717.00,282451.00,3593.00,4245.00,7838.00,144327.00,145962.00,290289.00
CANBERRA,2018,9,134735.00,135431.00,270166.00,3749.00,4719.00,8468.00,138484.00,140150.00,278634.00
CANBERRA,2018,10,149456.00,142604.00,292060.00,3923.00,3360.00,7283.00,153379.00,145964.00,299343.00
CANBERRA,2018,11,142780.00,143912.00,286692.00,3035.00,3992.00,7027.00,145815.00,147904.00,293719.00
CANBERRA,2018,12,115000.00,123327.00,238327.00,2230.00,4649.00,6879.00,117230.00,127976.00,245206.00
CANBERRA,2019,1,106793.00,94755.00,201548.00,3290.00,3445.00,6735.00,110083.00,98200.00,208283.00
CANBERRA,2019,2,120670.00,118342.00,239012.00,2839.00,2678.00,5517.00,123509.00,121020.00,244529.00
CANBERRA,2019,3,135197.00,135475.00,270672.00,2592.00,3492.00,6084.00,137789.00,138967.00,276756.00
CANBERRA,2019,4,127461.00,127899.00,255360.00,2811.00,4239.00,7050.00,130272.00,132138.00,262410.00
CANBERRA,2019,5,130101.00,132847.00,262948.00,2984.00,4365.00,7349.00,133085.00,137212.00,270297.00
CANBERRA,2019,6,125376.00,126024.00,251400.00,3333.00,4545.00,7878.00,128709.00,130569.00,259278.00
CANBERRA,2019,7,140844.00,137122.00,277966.00,4168.00,4227.00,8395.00,145012.00,141349.00,286361.00
CANBERRA,2019,8,138130.00,139859.00,277989.00,3174.00,4067.00,7241.00,141304.00,143926.00,285230.00
CANBERRA,2019,9,140824.00,139184.00,280008.00,3471.00,4559.00,8030.00,144295.00,143743.00,288038.00
CANBERRA,2019,10,150608.00,147522.00,298130.00,3777.00,3557.00,7334.00,154385.00,151079.00,305464.00
CANBERRA,2019,11,143066.00,144165.00,287231.00,2813.00,3718.00,6531.00,145879.00,147883.00,293762.00
CANBERRA,2019,12,120748.00,130031.00,250779.00,2478.00,4447.00,6925.00,123226.00,134478.00,257704.00
CANBERRA,2020,1,107782.00,97761.00,205543.00,2617.00,3087.00,5704.00,110399.00,100848.00,211247.00
CANBERRA,2020,2,121940.00,117645.00,239585.00,2265.00,2279.00,4544.00,124205.00,119924.00,244129.00
CANBERRA,2020,3,77060.00,74706.00,151766.00,1471.00,1174.00,2645.00,78531.00,75880.00,154411.00
CANBERRA,2020,4,2044.00,2334.00,4378.00,0.00,0.00,0.00,2044.00,2334.00,4378.00
CANBERRA,2020,5,2891.00,2827.00,5718.00,0.00,0.00,0.00,2891.00,2827.00,5718.00
CANBERRA,2020,6,6861.00,6484.00,13345.00,0.00,0.00,0.00,6861.00,6484.00,13345.00
CANBERRA,2020,7,10723.00,11907.00,22630.00,0.00,0.00,0.00,10723.00,11907.00,22630.00
CANBERRA,2020,8,7072.00,6437.00,13509.00,0.00,0.00,0.00,7072.00,6437.00,13509.00
CANBERRA,2020,9,6167.00,7122.00,13289.00,0.00,0.00,0.00,6167.00,7122.00,13289.00
CANBERRA,2020,10,22103.00,23072.00,45175.00,0.00,0.00,0.00,22103.00,23072.00,45175.00
CANBERRA,2020,11,34173.00,34250.00,68423.00,118.00,0.00,118.00,34291.00,34250.00,68541.00
CANBERRA,2020,12,51306.00,61312.00,112618.00,0.00,0.00,0.00,51306.00,61312.00,112618.00
CANBERRA,2021,1,52681.00,44013.00,96694.00,0.00,0.00,0.00,52681.00,44013.00,96694.00
CANBERRA,2021,2,46159.00,46671.00,92830.00,0.00,0.00,0.00,46159.00,46671.00,92830.00
CANBERRA,2021,3,65604.00,66221.00,131825.00,137.00,0.00,137.00,65741.00,66221.00,131962.00
CANBERRA,2021,4,73731.00,73864.00,147595.00,0.00,0.00,0.00,73731.00,73864.00,147595.00
CANBERRA,2021,5,81032.00,82567.00,163599.00,0.00,0.00,0.00,81032.00,82567.00,163599.00
CANBERRA,2021,6,67280.00,69125.00,136405.00,0.00,0.00,0.00,67280.00,69125.00,136405.00
CANBERRA,2021,7,35607.00,33190.00,68797.00,0.00,0.00,0.00,35607.00,33190.00,68797.00
CANBERRA,2021,8,7057.00,5713.00,12770.00,0.00,0.00,0.00,7057.00,5713.00,12770.00
CANBERRA,2021,9,1854.00,1642.00,3496.00,0.00,0.00,0.00,1854.00,1642.00,3496.00
CANBERRA,2021,10,2074.00,2484.00,4558.00,0.00,0.00,0.00,2074.00,2484.00,4558.00
CANBERRA,2021,11,24218.00,23996.00,48214.00,0.00,0.00,0.00,24218.00,23996.00,48214.00
CANBERRA,2021,12,53095.00,64004.00,117099.00,0.00,0.00,0.00,53095.00,64004.00,117099.00
CANBERRA,2022,1,54401.00,45340.00,99741.00,0.00,0.00,0.00,54401.00,45340.00,99741.00
CANBERRA,2022,2,56774.00,56165.00,112939.00,0.00,0.00,0.00,56774.00,56165.00,112939.00
CANBERRA,2022,3,88227.00,88613.00,176840.00,0.00,0.00,0.00,88227.00,88613.00,176840.00
CANBERRA,2022,4,104174.00,106801.00,210975.00,0.00,0.00,0.00,104174.00,106801.00,210975.00
CANBERRA,2022,5,105704.00,106083.00,211787.00,0.00,0.00,0.00,105704.00,106083.00,211787.00
CANBERRA,2022,6,108136.00,110827.00,218963.00,0.00,0.00,0.00,108136.00,110827.00,218963.00
CANBERRA,2022,7,121068.00,119187.00,240255.00,0.00,0.00,0.00,121068.00,119187.00,240255.00
CANBERRA,2022,8,111703.00,109761.00,221464.00,0.00,0.00,0.00,111703.00,109761.00,221464.00
CANBERRA,2022,9, 114 412, 119 407, 233 819,0.00,0.00,0.00,114412.00,119407.00,233819.00
CANBERRA,2022,10,125573.00,119439.00,245012.00,0.00,0.00,0.00,125573.00,119439.00,245012.00
CANBERRA,2022,11,123665.00,122061.00,245726.00,0.00,0.00,0.00,123665.00,122061.00,245726.00
CANBERRA,2022,12,103818.00,116268.00,220086.00,0.00,0.00,0.00,103818.00,116268.00,220086.00
CANBERRA,2023,1,98797.00,86077.00,184874.00,0.00,0.00,0.00,98797.00,86077.00,184874.00
CANBERRA,2023,2,100579.00,98249.00,198828.00,0.00,0.00,0.00,100579.00,98249.00,198828.00
CANBERRA,2023,3,120774.00,122673.00,243447.00,0.00,0.00,0.00,120774.00,122673.00,243447.00
CANBERRA,2023,4,110403.00,108661.00,219064.00,105.00,72.00,177.00,110508.00,108733.00,219241.00
CANBERRA,2023,5,115035.00,115972.00,231007.00,0.00,0.00,0.00,115035.00,115972.00,231007.00
CANBERRA,2023,6,111779.00,116283.00,228062.00,0.00,0.00,0.00,111779.00,116283.00,228062.00
CANBERRA,2023,7,121023.00,116196.00,237219.00,318.00,203.00,521.00,121341.00,116399.00,237740.00
CANBERRA,2023,8,119065.00,120265.00,239330.00,802.00,874.00,1676.00,119867.00,121139.00,241006.00
CANBERRA,2023,9,119580.00,122742.00,242322.00,940.00,1059.00,1999.00,120520.00,123801.00,244321.00
CANBERRA,2023,10,127977.00,120158.00,248135.00,1234.00,1379.00,2613.00,129211.00,121537.00,250748.00
CANBERRA,2023,11,129008.00,129404.00,258412.00,983.00,1183.00,2166.00,129991.00,130587.00,260578.00
CANBERRA,2023,12,107915.00,118735.00,226650.00,1568.00,1360.00,2928.00,109483.00,120095.00,229578.00
CANBERRA,2024,1,99608.00,88844.00,188452.00,1235.00,1767.00,3002.00,100843.00,90611.00,191454.00
CANBERRA,2024,2,111444.00,108941.00,220385.00,544.00,707.00,1251.00,111988.00,109648.00,221636.00
CANBERRA,2024,3,121366.00,123362.00,244728.00,1001.00,927.00,1928.00,122367.00,124289.00,246656.00
CANBERRA,2024,4,113579.00,114353.00,227932.00,1140.00,1177.00,2317.00,114719.00,115530.00,230249.00
CANBERRA,2024,5,116763.00,119036.00,235799.00,1048.00,1085.00,2133.00,117811.00,120121.00,237932.00
CANBERRA,2024,6,112740.00,112096.00,224836.00,1750.00,1911.00,3661.00,114490.00,114007.00,228497.00
CANBERRA,2024,7,117143.00,116911.00,234054.00,2857.00,2623.00,5480.00,120000.00,119534.00,239534.00
CANBERRA,2024,8,120034.00,121472.00,241506.00,1950.00,2057.00,4007.00,121984.00,123529.00,245513.00
CANBERRA,2024,9,120587.00,121662.00,242249.00,1776.00,1939.00,3715.00,122363.00,123601.00,245964.00
CANBERRA,2024,10,127043.00,123300.00,250343.00,1928.00,1845.00,3773.00,128971.00,125145.00,254116.00
CANBERRA,2024,11,130290.00,129943.00,260233.00,1092.00,1123.00,2215.00,131382.00,131066.00,262448.00
CANBERRA,2024,12,108371.00,116941.00,225312.00,1800.00,2008.00,3808.00,110171.00,118949.00,229120.00
CANBERRA,2025,1,100585.00,91569.00,192154.00,1448.00,2005.00,3453.00,102033.00,93574.00,195607.00
CANBERRA,2025,2,106456.00,104400.00,210856.00,816.00,860.00,1676.00,107272.00,105260.00,212532.00
CANBERRA,2025,3,116018.00,116611.00,232629.00,1030.00,1090.00,2120.00,117048.00,117701.00,234749.00
CANBERRA,2025,4,110614.00,110846.00,221460.00,1405.00,1337.00,2742.00,112019.00,112183.00,224202.00
CANBERRA,2025,5,112953.00,117067.00,230020.00,1337.00,1280.00,2617.00,114290.00,118347.00,232637.00
CANBERRA,2025,6,112788.00,111166.00,223954.00,1462.00,1303.00,2765.00,114250.00,112469.00,226719.00
DARWIN,2009,1,48063.00,43362.00,91425.00,10356.00,6373.00,16729.00,58419.00,49735.00,108154.00
DARWIN,2009,2,36513.00,38153.00,74666.00,6589.00,4231.00,10820.00,43102.00,42384.00,85486.00
DARWIN,2009,3,44423.00,43605.00,88028.00,5113.00,5276.00,10389.00,49536.00,48881.00,98417.00
DARWIN,2009,4,54008.00,53083.00,107091.00,7744.00,7085.00,14829.00,61752.00,60168.00,121920.00
DARWIN,2009,5,59998.00,58394.00,118392.00,8422.00,8485.00,16907.00,68420.00,66879.00,135299.00
DARWIN,2009,6,66180.00,65174.00,131354.00,8809.00,9617.00,18426.00,74989.00,74791.00,149780.00
DARWIN,2009,7,72086.00,73153.00,145239.00,11331.00,8167.00,19498.00,83417.00,81320.00,164737.00
DARWIN,2009,8,65829.00,68777.00,134606.00,9252.00,9866.00,19118.00,75081.00,78643.00,153724.00
DARWIN,2009,9,62026.00,62687.00,124713.00,9437.00,8716.00,18153.00,71463.00,71403.00,142866.00
DARWIN,2009,10,55456.00,61195.00,116651.00,9885.00,7547.00,17432.00,65341.00,68742.00,134083.00
DARWIN,2009,11,48126.00,49180.00,97306.00,8305.00,7371.00,15676.00,56431.00,56551.00,112982.00
DARWIN,2009,12,47587.00,50893.00,98480.00,6700.00,11065.00,17765.00,54287.00,61958.00,116245.00
DARWIN,2010,1,49033.00,45706.00,94739.00,12438.00,7021.00,19459.00,61471.00,52727.00,114198.00
DARWIN,2010,2,40680.00,42137.00,82817.00,7671.00,5946.00,13617.00,48351.00,48083.00,96434.00
DARWIN,2010,3,52040.00,51606.00,103646.00,7223.00,6848.00,14071.00,59263.00,58454.00,117717.00
DARWIN,2010,4,56009.00,54454.00,110463.00,8722.00,8067.00,16789.00,64731.00,62521.00,127252.00
DARWIN,2010,5,59942.00,58547.00,118489.00,8980.00,8182.00,17162.00,68922.00,66729.00,135651.00
DARWIN,2010,6,68101.00,64828.00,132929.00,9032.00,10053.00,19085.00,77133.00,74881.00,152014.00
DARWIN,2010,7,77612.00,78928.00,156540.00,12432.00,10236.00,22668.00,90044.00,89164.00,179208.00
DARWIN,2010,8,71205.00,73913.00,145118.00,9930.00,10517.00,20447.00,81135.00,84430.00,165565.00
DARWIN,2010,9,68599.00,69156.00,137755.00,10104.00,9608.00,19712.00,78703.00,78764.00,157467.00
DARWIN,2010,10,61561.00,66232.00,127793.00,10326.00,7948.00,18274.00,71887.00,74180.00,146067.00
DARWIN,2010,11,51484.00,52956.00,104440.00,8202.00,7770.00,15972.00,59686.00,60726.00,120412.00
DARWIN,2010,12,51494.00,58703.00,110197.00,7376.00,12373.00,19749.00,58870.00,71076.00,129946.00
DARWIN,2011,1,55293.00,48768.00,104061.00,15893.00,9594.00,25487.00,71186.00,58362.00,129548.00
DARWIN,2011,2,38684.00,40291.00,78975.00,9685.00,8793.00,18478.00,48369.00,49084.00,97453.00
DARWIN,2011,3,50909.00,51066.00,101975.00,10698.00,9766.00,20464.00,61607.00,60832.00,122439.00
DARWIN,2011,4,59134.00,57886.00,117020.00,11843.00,11649.00,23492.00,70977.00,69535.00,140512.00
DARWIN,2011,5,61808.00,59126.00,120934.00,12126.00,10980.00,23106.00,73934.00,70106.00,144040.00
DARWIN,2011,6,66655.00,63831.00,130486.00,11490.00,12875.00,24365.00,78145.00,76706.00,154851.00
DARWIN,2011,7,94294.00,94188.00,188482.00,17228.00,16951.00,34179.00,111522.00,111139.00,222661.00
DARWIN,2011,8,82073.00,86379.00,168452.00,14244.00,16475.00,30719.00,96317.00,102854.00,199171.00
DARWIN,2011,9,76464.00,75476.00,151940.00,14384.00,16426.00,30810.00,90848.00,91902.00,182750.00
DARWIN,2011,10,74984.00,77772.00,152756.00,16324.00,16065.00,32389.00,91308.00,93837.00,185145.00
DARWIN,2011,11,66991.00,67348.00,134339.00,14519.00,16635.00,31154.00,81510.00,83983.00,165493.00
DARWIN,2011,12,63483.00,71878.00,135361.00,12214.00,20078.00,32292.00,75697.00,91956.00,167653.00
DARWIN,2012,1,68388.00,60334.00,128722.00,19497.00,14371.00,33868.00,87885.00,74705.00,162590.00
DARWIN,2012,2,53813.00,55491.00,109304.00,13713.00,12071.00,25784.00,67526.00,67562.00,135088.00
DARWIN,2012,3,63537.00,62277.00,125814.00,12657.00,13290.00,25947.00,76194.00,75567.00,151761.00
DARWIN,2012,4,67753.00,65371.00,133124.00,13086.00,14062.00,27148.00,80839.00,79433.00,160272.00
DARWIN,2012,5,68975.00,67402.00,136377.00,12099.00,12321.00,24420.00,81074.00,79723.00,160797.00
DARWIN,2012,6,78831.00,73034.00,151865.00,12603.00,15897.00,28500.00,91434.00,88931.00,180365.00
DARWIN,2012,7,86207.00,88760.00,174967.00,17574.00,15555.00,33129.00,103781.00,104315.00,208096.00
DARWIN,2012,8,77942.00,81287.00,159229.00,13355.00,14200.00,27555.00,91297.00,95487.00,186784.00
DARWIN,2012,9,71178.00,72489.00,143667.00,12534.00,12692.00,25226.00,83712.00,85181.00,168893.00
DARWIN,2012,10,64444.00,70909.00,135353.00,14405.00,12751.00,27156.00,78849.00,83660.00,162509.00
DARWIN,2012,11,59865.00,63198.00,123063.00,11167.00,12510.00,23677.00,71032.00,75708.00,146740.00
DARWIN,2012,12,55534.00,66863.00,122397.00,9045.00,17259.00,26304.00,64579.00,84122.00,148701.00
DARWIN,2013,1,62540.00,57093.00,119633.00,15897.00,12096.00,27993.00,78437.00,69189.00,147626.00
DARWIN,2013,2,46455.00,51578.00,98033.00,11276.00,10209.00,21485.00,57731.00,61787.00,119518.00
DARWIN,2013,3,64627.00,62391.00,127018.00,11665.00,12739.00,24404.00,76292.00,75130.00,151422.00
DARWIN,2013,4,70025.00,67143.00,137168.00,13150.00,13090.00,26240.00,83175.00,80233.00,163408.00
DARWIN,2013,5,69754.00,66386.00,136140.00,11902.00,12238.00,24140.00,81656.00,78624.00,160280.00
DARWIN,2013,6,77660.00,74169.00,151829.00,11490.00,14233.00,25723.00,89150.00,88402.00,177552.00
DARWIN,2013,7,85730.00,91046.00,176776.00,17711.00,15892.00,33603.00,103441.00,106938.00,210379.00
DARWIN,2013,8,78518.00,86863.00,165381.00,14709.00,16044.00,30753.00,93227.00,102907.00,196134.00
DARWIN,2013,9,77078.00,76640.00,153718.00,15175.00,14947.00,30122.00,92253.00,91587.00,183840.00
DARWIN,2013,10,76345.00,84183.00,160528.00,16029.00,14077.00,30106.00,92374.00,98260.00,190634.00
DARWIN,2013,11,62843.00,66689.00,129532.00,12889.00,13846.00,26735.00,75732.00,80535.00,156267.00
DARWIN,2013,12,62425.00,72740.00,135165.00,10761.00,21152.00,31913.00,73186.00,93892.00,167078.00
DARWIN,2014,1,68673.00,59642.00,128315.00,20907.00,13760.00,34667.00,89580.00,73402.00,162982.00
DARWIN,2014,2,51884.00,54504.00,106388.00,12288.00,10867.00,23155.00,64172.00,65371.00,129543.00
DARWIN,2014,3,62953.00,62152.00,125105.00,12264.00,11944.00,24208.00,75217.00,74096.00,149313.00
DARWIN,2014,4,74805.00,72966.00,147771.00,10904.00,11950.00,22854.00,85709.00,84916.00,170625.00
DARWIN,2014,5,74481.00,73042.00,147523.00,11129.00,12017.00,23146.00,85610.00,85059.00,170669.00
DARWIN,2014,6,90436.00,84191.00,174627.00,12073.00,15491.00,27564.00,102509.00,99682.00,202191.00
DARWIN,2014,7,94921.00,97274.00,192195.00,16732.00,14403.00,31135.00,111653.00,111677.00,223330.00
DARWIN,2014,8,87423.00,91411.00,178834.00,14429.00,15917.00,30346.00,101852.00,107328.00,209180.00
DARWIN,2014,9,79779.00,81259.00,161038.00,13861.00,13879.00,27740.00,93640.00,95138.00,188778.00
DARWIN,2014,10,78438.00,83022.00,161460.00,14688.00,12566.00,27254.00,93126.00,95588.00,188714.00
DARWIN,2014,11,66034.00,68759.00,134793.00,10563.00,11258.00,21821.00,76597.00,80017.00,156614.00
DARWIN,2014,12,62920.00,77493.00,140413.00,8816.00,15964.00,24780.00,71736.00,93457.00,165193.00
DARWIN,2015,1,69503.00,57368.00,126871.00,15839.00,9890.00,25729.00,85342.00,67258.00,152600.00
DARWIN,2015,2,52098.00,53095.00,105193.00,10012.00,8779.00,18791.00,62110.00,61874.00,123984.00
DARWIN,2015,3,65149.00,63427.00,128576.00,9928.00,10166.00,20094.00,75077.00,73593.00,148670.00
DARWIN,2015,4,74927.00,71880.00,146807.00,10371.00,9647.00,20018.00,85298.00,81527.00,166825.00
DARWIN,2015,5,76197.00,73855.00,150052.00,10489.00,10953.00,21442.00,86686.00,84808.00,171494.00
DARWIN,2015,6,88982.00,83047.00,172029.00,10295.00,12773.00,23068.00,99277.00,95820.00,195097.00
DARWIN,2015,7,97542.00,100915.00,198457.00,14992.00,12248.00,27240.00,112534.00,113163.00,225697.00
DARWIN,2015,8,85948.00,91755.00,177703.00,11491.00,12008.00,23499.00,97439.00,103763.00,201202.00
DARWIN,2015,9,82773.00,82494.00,165267.00,10797.00,10482.00,21279.00,93570.00,92976.00,186546.00
DARWIN,2015,10,75128.00,81496.00,156624.00,11222.00,9569.00,20791.00,86350.00,91065.00,177415.00
DARWIN,2015,11,67178.00,68458.00,135636.00,9269.00,9372.00,18641.00,76447.00,77830.00,154277.00
DARWIN,2015,12,60543.00,75501.00,136044.00,8199.00,13996.00,22195.00,68742.00,89497.00,158239.00
DARWIN,2016,1,69963.00,56451.00,126414.00,14691.00,10021.00,24712.00,84654.00,66472.00,151126.00
DARWIN,2016,2,53598.00,54994.00,108592.00,9106.00,7612.00,16718.00,62704.00,62606.00,125310.00
DARWIN,2016,3,66369.00,66209.00,132578.00,8824.00,9100.00,17924.00,75193.00,75309.00,150502.00
DARWIN,2016,4,73084.00,71795.00,144879.00,9808.00,10021.00,19829.00,82892.00,81816.00,164708.00
DARWIN,2016,5,77991.00,74579.00,152570.00,10481.00,11275.00,21756.00,88472.00,85854.00,174326.00
DARWIN,2016,6,90624.00,84174.00,174798.00,10734.00,13149.00,23883.00,101358.00,97323.00,198681.00
DARWIN,2016,7,97118.00,98221.00,195339.00,15791.00,13694.00,29485.00,112909.00,111915.00,224824.00
DARWIN,2016,8,86449.00,93385.00,179834.00,12553.00,12772.00,25325.00,99002.00,106157.00,205159.00
DARWIN,2016,9,82167.00,83178.00,165345.00,11777.00,12080.00,23857.00,93944.00,95258.00,189202.00
DARWIN,2016,10,81098.00,85102.00,166200.00,12234.00,11149.00,23383.00,93332.00,96251.00,189583.00
DARWIN,2016,11,69322.00,70127.00,139449.00,9560.00,9637.00,19197.00,78882.00,79764.00,158646.00
DARWIN,2016,12,63916.00,77790.00,141706.00,8924.00,17076.00,26000.00,72840.00,94866.00,167706.00
DARWIN,2017,1,73163.00,61620.00,134783.00,17466.00,11510.00,28976.00,90629.00,73130.00,163759.00
DARWIN,2017,2,53766.00,54788.00,108554.00,10799.00,7972.00,18771.00,64565.00,62760.00,127325.00
DARWIN,2017,3,67319.00,65572.00,132891.00,9524.00,9890.00,19414.00,76843.00,75462.00,152305.00
DARWIN,2017,4,73820.00,73730.00,147550.00,11407.00,11660.00,23067.00,85227.00,85390.00,170617.00
DARWIN,2017,5,77086.00,72354.00,149440.00,10377.00,10756.00,21133.00,87463.00,83110.00,170573.00
DARWIN,2017,6,89615.00,83613.00,173228.00,11386.00,14142.00,25528.00,101001.00,97755.00,198756.00
DARWIN,2017,7,96791.00,99647.00,196438.00,14671.00,13244.00,27915.00,111462.00,112891.00,224353.00
DARWIN,2017,8,90820.00,93937.00,184757.00,11606.00,12589.00,24195.00,102426.00,106526.00,208952.00
DARWIN,2017,9,80377.00,81831.00,162208.00,11525.00,10651.00,22176.00,91902.00,92482.00,184384.00
DARWIN,2017,10,78841.00,82495.00,161336.00,11330.00,10565.00,21895.00,90171.00,93060.00,183231.00
DARWIN,2017,11,68432.00,70673.00,139105.00,9446.00,9662.00,19108.00,77878.00,80335.00,158213.00
DARWIN,2017,12,63841.00,75420.00,139261.00,8449.00,14230.00,22679.00,72290.00,89650.00,161940.00
DARWIN,2018,1,71306.00,60705.00,132011.00,15625.00,10304.00,25929.00,86931.00,71009.00,157940.00
DARWIN,2018,2,52433.00,53191.00,105624.00,8919.00,7364.00,16283.00,61352.00,60555.00,121907.00
DARWIN,2018,3,64602.00,65239.00,129841.00,7718.00,8106.00,15824.00,72320.00,73345.00,145665.00
DARWIN,2018,4,72393.00,70218.00,142611.00,9102.00,9005.00,18107.00,81495.00,79223.00,160718.00
DARWIN,2018,5,76202.00,74029.00,150231.00,7979.00,8184.00,16163.00,84181.00,82213.00,166394.00
DARWIN,2018,6,84518.00,80484.00,165002.00,9976.00,10931.00,20907.00,94494.00,91415.00,185909.00
DARWIN,2018,7,96710.00,100013.00,196723.00,10465.00,9930.00,20395.00,107175.00,109943.00,217118.00
DARWIN,2018,8,86310.00,91491.00,177801.00,10085.00,10455.00,20540.00,96395.00,101946.00,198341.00
DARWIN,2018,9,81111.00,82002.00,163113.00,9327.00,9011.00,18338.00,90438.00,91013.00,181451.00
DARWIN,2018,10,74963.00,80197.00,155160.00,9424.00,8537.00,17961.00,84387.00,88734.00,173121.00
DARWIN,2018,11,62541.00,64400.00,126941.00,8426.00,8618.00,17044.00,70967.00,73018.00,143985.00
DARWIN,2018,12,59703.00,70480.00,130183.00,7985.00,13115.00,21100.00,67688.00,83595.00,151283.00
DARWIN,2019,1,65415.00,56170.00,121585.00,13501.00,9880.00,23381.00,78916.00,66050.00,144966.00
DARWIN,2019,2,51741.00,52055.00,103796.00,9136.00,6754.00,15890.00,60877.00,58809.00,119686.00
DARWIN,2019,3,60587.00,59296.00,119883.00,7932.00,7402.00,15334.00,68519.00,66698.00,135217.00
DARWIN,2019,4,73370.00,70662.00,144032.00,10018.00,10067.00,20085.00,83388.00,80729.00,164117.00
DARWIN,2019,5,73588.00,71246.00,144834.00,10481.00,11013.00,21494.00,84069.00,82259.00,166328.00
DARWIN,2019,6,83691.00,79376.00,163067.00,10830.00,12907.00,23737.00,94521.00,92283.00,186804.00
DARWIN,2019,7,93885.00,97733.00,191618.00,14178.00,11800.00,25978.00,108063.00,109533.00,217596.00
DARWIN,2019,8,85090.00,90369.00,175459.00,12323.00,12564.00,24887.00,97413.00,102933.00,200346.00
DARWIN,2019,9,77127.00,78844.00,155971.00,11655.00,11409.00,23064.00,88782.00,90253.00,179035.00
DARWIN,2019,10,74434.00,79762.00,154196.00,11996.00,9762.00,21758.00,86430.00,89524.00,175954.00
DARWIN,2019,11,60776.00,63808.00,124584.00,9006.00,9238.00,18244.00,69782.00,73046.00,142828.00
DARWIN,2019,12,60593.00,67842.00,128435.00,7543.00,14635.00,22178.00,68136.00,82477.00,150613.00
DARWIN,2020,1,64657.00,56560.00,121217.00,15026.00,10712.00,25738.00,79683.00,67272.00,146955.00
DARWIN,2020,2,48141.00,50081.00,98222.00,8685.00,5674.00,14359.00,56826.00,55755.00,112581.00
DARWIN,2020,3,41355.00,39999.00,81354.00,4342.00,2910.00,7252.00,45697.00,42909.00,88606.00
DARWIN,2020,4,3401.00,3309.00,6710.00,0.00,0.00,0.00,3401.00,3309.00,6710.00
DARWIN,2020,5,3014.00,2736.00,5750.00,0.00,0.00,0.00,3014.00,2736.00,5750.00
DARWIN,2020,6,6728.00,6568.00,13296.00,0.00,0.00,0.00,6728.00,6568.00,13296.00
DARWIN,2020,7,14237.00,12332.00,26569.00,0.00,0.00,0.00,14237.00,12332.00,26569.00
DARWIN,2020,8,19355.00,19061.00,38416.00,0.00,0.00,0.00,19355.00,19061.00,38416.00
DARWIN,2020,9,25754.00,24295.00,50049.00,0.00,0.00,0.00,25754.00,24295.00,50049.00
DARWIN,2020,10,31623.00,33532.00,65155.00,0.00,0.00,0.00,31623.00,33532.00,65155.00
DARWIN,2020,11,31186.00,33267.00,64453.00,63.00,4.00,67.00,31249.00,33271.00,64520.00
DARWIN,2020,12,38497.00,45294.00,83791.00,8.00,0.00,8.00,38505.00,45294.00,83799.00
DARWIN,2021,1,40399.00,38445.00,78844.00,0.00,0.00,0.00,40399.00,38445.00,78844.00
DARWIN,2021,2,27246.00,29308.00,56554.00,0.00,0.00,0.00,27246.00,29308.00,56554.00
DARWIN,2021,3,41072.00,41479.00,82551.00,0.00,0.00,0.00,41072.00,41479.00,82551.00
DARWIN,2021,4,58960.00,57078.00,116038.00,0.00,0.00,0.00,58960.00,57078.00,116038.00
DARWIN,2021,5,64413.00,62995.00,127408.00,0.00,0.00,0.00,64413.00,62995.00,127408.00
DARWIN,2021,6,59264.00,60502.00,119766.00,0.00,0.00,0.00,59264.00,60502.00,119766.00
DARWIN,2021,7,45513.00,45924.00,91437.00,0.00,0.00,0.00,45513.00,45924.00,91437.00
DARWIN,2021,8,38962.00,45706.00,84668.00,0.00,0.00,0.00,38962.00,45706.00,84668.00
DARWIN,2021,9,47173.00,50023.00,97196.00,0.00,0.00,0.00,47173.00,50023.00,97196.00
DARWIN,2021,10,44302.00,51407.00,95709.00,0.00,0.00,0.00,44302.00,51407.00,95709.00
DARWIN,2021,11,27062.00,31216.00,58278.00,887.00,181.00,1068.00,27949.00,31397.00,59346.00
DARWIN,2021,12,27859.00,36036.00,63895.00,1003.00,679.00,1682.00,28862.00,36715.00,65577.00
DARWIN,2022,1,33550.00,27956.00,61506.00,1128.00,672.00,1800.00,34678.00,28628.00,63306.00
DARWIN,2022,2,25989.00,27998.00,53987.00,1800.00,858.00,2658.00,27789.00,28856.00,56645.00
DARWIN,2022,3,43814.00,44414.00,88228.00,2796.00,1979.00,4775.00,46610.00,46393.00,93003.00
DARWIN,2022,4,69585.00,67980.00,137565.00,4633.00,4999.00,9632.00,74218.00,72979.00,147197.00
DARWIN,2022,5,74594.00,70583.00,145177.00,5768.00,6601.00,12369.00,80362.00,77184.00,157546.00
DARWIN,2022,6,87873.00,78844.00,166717.00,6072.00,7727.00,13799.00,93945.00,86571.00,180516.00
DARWIN,2022,7,93673.00,97593.00,191266.00,8642.00,7711.00,16353.00,102315.00,105304.00,207619.00
DARWIN,2022,8,77807.00,83209.00,161016.00,7483.00,6757.00,14240.00,85290.00,89966.00,175256.00
DARWIN,2022,9,76708.00,80271.00,156979.00,6289.00,6134.00,12423.00,82997.00,86405.00,169402.00
DARWIN,2022,10,71747.00,76723.00,148470.00,6707.00,5765.00,12472.00,78454.00,82488.00,160942.00
DARWIN,2022,11,57288.00,59696.00,116984.00,7064.00,6823.00,13887.00,64352.00,66519.00,130871.00
DARWIN,2022,12,52909.00,64556.00,117465.00,5409.00,7952.00,13361.00,58318.00,72508.00,130826.00
DARWIN,2023,1,57714.00,49886.00,107600.00,7777.00,6134.00,13911.00,65491.00,56020.00,121511.00
DARWIN,2023,2,43558.00,43549.00,87107.00,6650.00,5164.00,11814.00,50208.00,48713.00,98921.00
DARWIN,2023,3,57575.00,55273.00,112848.00,6237.00,5577.00,11814.00,63812.00,60850.00,124662.00
DARWIN,2023,4,67366.00,64435.00,131801.00,6319.00,6734.00,13053.00,73685.00,71169.00,144854.00
DARWIN,2023,5,72768.00,69623.00,142391.00,6474.00,6504.00,12978.00,79242.00,76127.00,155369.00
DARWIN,2023,6,82253.00,75790.00,158043.00,6842.00,7183.00,14025.00,89095.00,82973.00,172068.00
DARWIN,2023,7,87172.00,90824.00,177996.00,8697.00,8406.00,17103.00,95869.00,99230.00,195099.00
DARWIN,2023,8,80462.00,84572.00,165034.00,8403.00,8207.00,16610.00,88865.00,92779.00,181644.00
DARWIN,2023,9,74658.00,78849.00,153507.00,8317.00,7713.00,16030.00,82975.00,86562.00,169537.00
DARWIN,2023,10,69188.00,71688.00,140876.00,5792.00,4943.00,10735.00,74980.00,76631.00,151611.00
DARWIN,2023,11,53752.00,55591.00,109343.00,7317.00,7608.00,14925.00,61069.00,63199.00,124268.00
DARWIN,2023,12,52349.00,62568.00,114917.00,6170.00,8556.00,14726.00,58519.00,71124.00,129643.00
DARWIN,2024,1,58692.00,51559.00,110251.00,8647.00,6677.00,15324.00,67339.00,58236.00,125575.00
DARWIN,2024,2,47084.00,47414.00,94498.00,7541.00,6586.00,14127.00,54625.00,54000.00,108625.00
DARWIN,2024,3,55733.00,54290.00,110023.00,7612.00,7730.00,15342.00,63345.00,62020.00,125365.00
DARWIN,2024,4,65696.00,62112.00,127808.00,8507.00,8090.00,16597.00,74203.00,70202.00,144405.00
DARWIN,2024,5,69901.00,66644.00,136545.00,8842.00,8847.00,17689.00,78743.00,75491.00,154234.00
DARWIN,2024,6,78771.00,73736.00,152507.00,9222.00,9922.00,19144.00,87993.00,83658.00,171651.00
DARWIN,2024,7,88217.00,89452.00,177669.00,10073.00,9450.00,19523.00,98290.00,98902.00,197192.00
DARWIN,2024,8,79567.00,85037.00,164604.00,9476.00,9866.00,19342.00,89043.00,94903.00,183946.00
DARWIN,2024,9,73915.00,77477.00,151392.00,9871.00,9937.00,19808.00,83786.00,87414.00,171200.00
DARWIN,2024,10,68872.00,72105.00,140977.00,10125.00,9267.00,19392.00,78997.00,81372.00,160369.00
DARWIN,2024,11,58678.00,60967.00,119645.00,8689.00,8647.00,17336.00,67367.00,69614.00,136981.00
DARWIN,2024,12,55235.00,65415.00,120650.00,7328.00,10288.00,17616.00,62563.00,75703.00,138266.00
DARWIN,2025,1,59763.00,51999.00,111762.00,9862.00,8335.00,18197.00,69625.00,60334.00,129959.00
DARWIN,2025,2,46826.00,47121.00,93947.00,8538.00,7227.00,15765.00,55364.00,54348.00,109712.00
DARWIN,2025,3,56762.00,54078.00,110840.00,8542.00,7834.00,16376.00,65304.00,61912.00,127216.00
DARWIN,2025,4,69109.00,66056.00,135165.00,11429.00,12184.00,23613.00,80538.00,78240.00,158778.00
DARWIN,2025,5,73279.00,69730.00,143009.00,11170.00,11190.00,22360.00,84449.00,80920.00,165369.00
DARWIN,2025,6,82097.00,75946.00,158043.00,12034.00,13469.00,25503.00,94131.00,89415.00,183546.00
GOLD COAST,2009,1,195206.00,199577.00,394783.00,27096.00,24424.00,51520.00,222302.00,224001.00,446303.00
GOLD COAST,2009,2,154912.00,155895.00,310807.00,22327.00,20925.00,43252.00,177239.00,176820.00,354059.00
GOLD COAST,2009,3,176763.00,175727.00,352490.00,24079.00,23976.00,48055.00,200842.00,199703.00,400545.00
GOLD COAST,2009,4,176219.00,177224.00,353443.00,23212.00,22039.00,45251.00,199431.00,199263.00,398694.00
GOLD COAST,2009,5,165641.00,166003.00,331644.00,23809.00,25504.00,49313.00,189450.00,191507.00,380957.00
GOLD COAST,2009,6,156077.00,153760.00,309837.00,20573.00,21830.00,42403.00,176650.00,175590.00,352240.00
GOLD COAST,2009,7,182386.00,181734.00,364120.00,25121.00,23157.00,48278.00,207507.00,204891.00,412398.00
GOLD COAST,2009,8,179302.00,176975.00,356277.00,27415.00,29116.00,56531.00,206717.00,206091.00,412808.00
GOLD COAST,2009,9,188200.00,182860.00,371060.00,30521.00,31368.00,61889.00,218721.00,214228.00,432949.00
GOLD COAST,2009,10,193845.00,197470.00,391315.00,30399.00,31251.00,61650.00,224244.00,228721.00,452965.00
GOLD COAST,2009,11,178007.00,179600.00,357607.00,30037.00,32235.00,62272.00,208044.00,211835.00,419879.00
GOLD COAST,2009,12,179311.00,173742.00,353053.00,31049.00,34869.00,65918.00,210360.00,208611.00,418971.00
GOLD COAST,2010,1,194353.00,200699.00,395052.00,34977.00,33841.00,68818.00,229330.00,234540.00,463870.00
GOLD COAST,2010,2,181699.00,179840.00,361539.00,31244.00,31266.00,62510.00,212943.00,211106.00,424049.00
GOLD COAST,2010,3,198637.00,194526.00,393163.00,35150.00,36218.00,71368.00,233787.00,230744.00,464531.00
GOLD COAST,2010,4,193045.00,197697.00,390742.00,31212.00,29531.00,60743.00,224257.00,227228.00,451485.00
GOLD COAST,2010,5,181410.00,182011.00,363421.00,26191.00,28175.00,54366.00,207601.00,210186.00,417787.00
GOLD COAST,2010,6,181333.00,177531.00,358864.00,27027.00,28564.00,55591.00,208360.00,206095.00,414455.00
GOLD COAST,2010,7,208794.00,210106.00,418900.00,33974.00,29982.00,63956.00,242768.00,240088.00,482856.00
GOLD COAST,2010,8,193943.00,195166.00,389109.00,34085.00,37628.00,71713.00,228028.00,232794.00,460822.00
GOLD COAST,2010,9,211674.00,201192.00,412866.00,32551.00,35732.00,68283.00,244225.00,236924.00,481149.00
GOLD COAST,2010,10,207738.00,213135.00,420873.00,33635.00,33355.00,66990.00,241373.00,246490.00,487863.00
GOLD COAST,2010,11,200935.00,204002.00,404937.00,30669.00,35394.00,66063.00,231604.00,239396.00,471000.00
GOLD COAST,2010,12,214564.00,205921.00,420485.00,34186.00,42082.00,76268.00,248750.00,248003.00,496753.00
GOLD COAST,2011,1,232797.00,249492.00,482289.00,41804.00,37522.00,79326.00,274601.00,287014.00,561615.00
GOLD COAST,2011,2,168188.00,173197.00,341385.00,32924.00,31144.00,64068.00,201112.00,204341.00,405453.00
GOLD COAST,2011,3,185830.00,187395.00,373225.00,32255.00,30531.00,62786.00,218085.00,217926.00,436011.00
GOLD COAST,2011,4,192240.00,187386.00,379626.00,27558.00,26353.00,53911.00,219798.00,213739.00,433537.00
GOLD COAST,2011,5,170531.00,173866.00,344397.00,26231.00,27520.00,53751.00,196762.00,201386.00,398148.00
GOLD COAST,2011,6,164516.00,161764.00,326280.00,21118.00,23467.00,44585.00,185634.00,185231.00,370865.00
GOLD COAST,2011,7,197540.00,193552.00,391092.00,28041.00,25173.00,53214.00,225581.00,218725.00,444306.00
GOLD COAST,2011,8,180526.00,179493.00,360019.00,30677.00,31499.00,62176.00,211203.00,210992.00,422195.00
GOLD COAST,2011,9,194819.00,184970.00,379789.00,24972.00,28808.00,53780.00,219791.00,213778.00,433569.00
GOLD COAST,2011,10,201561.00,206303.00,407864.00,31390.00,28441.00,59831.00,232951.00,234744.00,467695.00
GOLD COAST,2011,11,192047.00,193521.00,385568.00,28281.00,30597.00,58878.00,220328.00,224118.00,444446.00
GOLD COAST,2011,12,211701.00,198065.00,409766.00,31054.00,38503.00,69557.00,242755.00,236568.00,479323.00
GOLD COAST,2012,1,218113.00,225797.00,443910.00,37778.00,34394.00,72172.00,255891.00,260191.00,516082.00
GOLD COAST,2012,2,176145.00,181526.00,357671.00,31505.00,29558.00,61063.00,207650.00,211084.00,418734.00
GOLD COAST,2012,3,198257.00,194928.00,393185.00,31081.00,32987.00,64068.00,229338.00,227915.00,457253.00
GOLD COAST,2012,4,193298.00,198991.00,392289.00,30159.00,28698.00,58857.00,223457.00,227689.00,451146.00
GOLD COAST,2012,5,169383.00,168416.00,337799.00,24579.00,24653.00,49232.00,193962.00,193069.00,387031.00
GOLD COAST,2012,6,173581.00,169033.00,342614.00,29426.00,32750.00,62176.00,203007.00,201783.00,404790.00
GOLD COAST,2012,7,203728.00,206186.00,409914.00,40614.00,34658.00,75272.00,244342.00,240844.00,485186.00
GOLD COAST,2012,8,193980.00,195043.00,389023.00,36010.00,37046.00,73056.00,229990.00,232089.00,462079.00
GOLD COAST,2012,9,227752.00,215788.00,443540.00,33105.00,38179.00,71284.00,260857.00,253967.00,514824.00
GOLD COAST,2012,10,226551.00,236294.00,462845.00,39394.00,36229.00,75623.00,265945.00,272523.00,538468.00
GOLD COAST,2012,11,213335.00,215989.00,429324.00,35806.00,36323.00,72129.00,249141.00,252312.00,501453.00
GOLD COAST,2012,12,230683.00,222088.00,452771.00,39944.00,49548.00,89492.00,270627.00,271636.00,542263.00
GOLD COAST,2013,1,227975.00,237676.00,465651.00,46240.00,41993.00,88233.00,274215.00,279669.00,553884.00
GOLD COAST,2013,2,176245.00,181560.00,357805.00,37372.00,33017.00,70389.00,213617.00,214577.00,428194.00
GOLD COAST,2013,3,201349.00,198297.00,399646.00,37409.00,39839.00,77248.00,238758.00,238136.00,476894.00
GOLD COAST,2013,4,202809.00,210613.00,413422.00,34455.00,31352.00,65807.00,237264.00,241965.00,479229.00
GOLD COAST,2013,5,170309.00,172736.00,343045.00,30224.00,30757.00,60981.00,200533.00,203493.00,404026.00
GOLD COAST,2013,6,178104.00,177383.00,355487.00,29774.00,33248.00,63022.00,207878.00,210631.00,418509.00
GOLD COAST,2013,7,211763.00,213706.00,425469.00,38532.00,32125.00,70657.00,250295.00,245831.00,496126.00
GOLD COAST,2013,8,197325.00,199710.00,397035.00,35168.00,36545.00,71713.00,232493.00,236255.00,468748.00
GOLD COAST,2013,9,220798.00,208414.00,429212.00,32323.00,36023.00,68346.00,253121.00,244437.00,497558.00
GOLD COAST,2013,10,229553.00,237503.00,467056.00,38248.00,34129.00,72377.00,267801.00,271632.00,539433.00
GOLD COAST,2013,11,197351.00,201785.00,399136.00,33713.00,34421.00,68134.00,231064.00,236206.00,467270.00
GOLD COAST,2013,12,229436.00,219869.00,449305.00,39707.00,48291.00,87998.00,269143.00,268160.00,537303.00
GOLD COAST,2014,1,233478.00,248687.00,482165.00,49373.00,43639.00,93012.00,282851.00,292326.00,575177.00
GOLD COAST,2014,2,175850.00,180341.00,356191.00,38138.00,35156.00,73294.00,213988.00,215497.00,429485.00
GOLD COAST,2014,3,196731.00,198767.00,395498.00,37933.00,37464.00,75397.00,234664.00,236231.00,470895.00
GOLD COAST,2014,4,199982.00,201778.00,401760.00,35779.00,32787.00,68566.00,235761.00,234565.00,470326.00
GOLD COAST,2014,5,176988.00,177180.00,354168.00,31216.00,29173.00,60389.00,208204.00,206353.00,414557.00
GOLD COAST,2014,6,176731.00,174501.00,351232.00,31391.00,34036.00,65427.00,208122.00,208537.00,416659.00
GOLD COAST,2014,7,213989.00,214951.00,428940.00,41936.00,35206.00,77142.00,255925.00,250157.00,506082.00
GOLD COAST,2014,8,199892.00,203361.00,403253.00,35563.00,37014.00,72577.00,235455.00,240375.00,475830.00
GOLD COAST,2014,9,219163.00,209110.00,428273.00,33293.00,35862.00,69155.00,252456.00,244972.00,497428.00
GOLD COAST,2014,10,235350.00,240190.00,475540.00,38397.00,34072.00,72469.00,273747.00,274262.00,548009.00
GOLD COAST,2014,11,205695.00,206609.00,412304.00,33719.00,35565.00,69284.00,239414.00,242174.00,481588.00
GOLD COAST,2014,12,233645.00,224884.00,458529.00,38278.00,45981.00,84259.00,271923.00,270865.00,542788.00
GOLD COAST,2015,1,228760.00,247455.00,476215.00,47430.00,40477.00,87907.00,276190.00,287932.00,564122.00
GOLD COAST,2015,2,176481.00,180128.00,356609.00,35098.00,32950.00,68048.00,211579.00,213078.00,424657.00
GOLD COAST,2015,3,201680.00,198263.00,399943.00,37413.00,35449.00,72862.00,239093.00,233712.00,472805.00
GOLD COAST,2015,4,204814.00,211335.00,416149.00,37202.00,34068.00,71270.00,242016.00,245403.00,487419.00
GOLD COAST,2015,5,182778.00,184034.00,366812.00,34086.00,31677.00,65763.00,216864.00,215711.00,432575.00
GOLD COAST,2015,6,186821.00,179078.00,365899.00,32051.00,36170.00,68221.00,218872.00,215248.00,434120.00
GOLD COAST,2015,7,223508.00,227796.00,451304.00,49303.00,40515.00,89818.00,272811.00,268311.00,541122.00
GOLD COAST,2015,8,205291.00,207141.00,412432.00,37253.00,37977.00,75230.00,242544.00,245118.00,487662.00
GOLD COAST,2015,9,233558.00,221191.00,454749.00,40579.00,42342.00,82921.00,274137.00,263533.00,537670.00
GOLD COAST,2015,10,236242.00,241794.00,478036.00,45123.00,40934.00,86057.00,281365.00,282728.00,564093.00
GOLD COAST,2015,11,212679.00,218157.00,430836.00,38050.00,40108.00,78158.00,250729.00,258265.00,508994.00
GOLD COAST,2015,12,242367.00,230040.00,472407.00,45218.00,51494.00,96712.00,287585.00,281534.00,569119.00
GOLD COAST,2016,1,247220.00,268967.00,516187.00,52344.00,43905.00,96249.00,299564.00,312872.00,612436.00
GOLD COAST,2016,2,197007.00,202951.00,399958.00,42775.00,36302.00,79077.00,239782.00,239253.00,479035.00
GOLD COAST,2016,3,219004.00,218426.00,437430.00,46336.00,44337.00,90673.00,265340.00,262763.00,528103.00
GOLD COAST,2016,4,213036.00,219439.00,432475.00,45883.00,39557.00,85440.00,258919.00,258996.00,517915.00
GOLD COAST,2016,5,190164.00,193810.00,383974.00,40725.00,37346.00,78071.00,230889.00,231156.00,462045.00
GOLD COAST,2016,6,195060.00,186355.00,381415.00,40144.00,43653.00,83797.00,235204.00,230008.00,465212.00
GOLD COAST,2016,7,232007.00,236570.00,468577.00,59466.00,47514.00,106980.00,291473.00,284084.00,575557.00
GOLD COAST,2016,8,210580.00,215272.00,425852.00,47794.00,48410.00,96204.00,258374.00,263682.00,522056.00
GOLD COAST,2016,9,236038.00,225191.00,461229.00,48322.00,48558.00,96880.00,284360.00,273749.00,558109.00
GOLD COAST,2016,10,241097.00,246926.00,488023.00,48289.00,44655.00,92944.00,289386.00,291581.00,580967.00
GOLD COAST,2016,11,217585.00,221922.00,439507.00,41995.00,42664.00,84659.00,259580.00,264586.00,524166.00
GOLD COAST,2016,12,246168.00,236962.00,483130.00,48627.00,53957.00,102584.00,294795.00,290919.00,585714.00
GOLD COAST,2017,1,249932.00,269342.00,519274.00,57691.00,46200.00,103891.00,307623.00,315542.00,623165.00
GOLD COAST,2017,2,190703.00,196827.00,387530.00,42614.00,36458.00,79072.00,233317.00,233285.00,466602.00
GOLD COAST,2017,3,215154.00,212372.00,427526.00,44795.00,42345.00,87140.00,259949.00,254717.00,514666.00
GOLD COAST,2017,4,230176.00,233720.00,463896.00,48791.00,45433.00,94224.00,278967.00,279153.00,558120.00
GOLD COAST,2017,5,197532.00,199078.00,396610.00,40980.00,37658.00,78638.00,238512.00,236736.00,475248.00
GOLD COAST,2017,6,198253.00,192782.00,391035.00,39900.00,41871.00,81771.00,238153.00,234653.00,472806.00
GOLD COAST,2017,7,240788.00,238372.00,479160.00,53245.00,42828.00,96073.00,294033.00,281200.00,575233.00
GOLD COAST,2017,8,210013.00,214791.00,424804.00,45310.00,44960.00,90270.00,255323.00,259751.00,515074.00
GOLD COAST,2017,9,236713.00,223207.00,459920.00,43479.00,44284.00,87763.00,280192.00,267491.00,547683.00
GOLD COAST,2017,10,240741.00,252165.00,492906.00,49333.00,44902.00,94235.00,290074.00,297067.00,587141.00
GOLD COAST,2017,11,226173.00,228215.00,454388.00,41391.00,43142.00,84533.00,267564.00,271357.00,538921.00
GOLD COAST,2017,12,256458.00,245478.00,501936.00,48111.00,54377.00,102488.00,304569.00,299855.00,604424.00
GOLD COAST,2018,1,262917.00,283349.00,546266.00,55665.00,47400.00,103065.00,318582.00,330749.00,649331.00
GOLD COAST,2018,2,198220.00,201132.00,399352.00,41025.00,37190.00,78215.00,239245.00,238322.00,477567.00
GOLD COAST,2018,3,229124.00,222321.00,451445.00,44258.00,44035.00,88293.00,273382.00,266356.00,539738.00
GOLD COAST,2018,4,234754.00,242712.00,477466.00,48166.00,42169.00,90335.00,282920.00,284881.00,567801.00
GOLD COAST,2018,5,195129.00,197669.00,392798.00,38091.00,36695.00,74786.00,233220.00,234364.00,467584.00
GOLD COAST,2018,6,198752.00,191807.00,390559.00,39070.00,41285.00,80355.00,237822.00,233092.00,470914.00
GOLD COAST,2018,7,238435.00,239301.00,477736.00,50439.00,43182.00,93621.00,288874.00,282483.00,571357.00
GOLD COAST,2018,8,222751.00,224919.00,447670.00,43070.00,42826.00,85896.00,265821.00,267745.00,533566.00
GOLD COAST,2018,9,232596.00,223958.00,456554.00,38337.00,40845.00,79182.00,270933.00,264803.00,535736.00
GOLD COAST,2018,10,239357.00,247668.00,487025.00,44146.00,42429.00,86575.00,283503.00,290097.00,573600.00
GOLD COAST,2018,11,223284.00,223640.00,446924.00,35905.00,37921.00,73826.00,259189.00,261561.00,520750.00
GOLD COAST,2018,12,249216.00,238173.00,487389.00,41245.00,49804.00,91049.00,290461.00,287977.00,578438.00
GOLD COAST,2019,1,262601.00,279573.00,542174.00,50028.00,45595.00,95623.00,312629.00,325168.00,637797.00
GOLD COAST,2019,2,190989.00,197259.00,388248.00,37158.00,33065.00,70223.00,228147.00,230324.00,458471.00
GOLD COAST,2019,3,213949.00,211594.00,425543.00,37533.00,36254.00,73787.00,251482.00,247848.00,499330.00
GOLD COAST,2019,4,238715.00,240862.00,479577.00,41791.00,39330.00,81121.00,280506.00,280192.00,560698.00
GOLD COAST,2019,5,202593.00,203317.00,405910.00,33718.00,31341.00,65059.00,236311.00,234658.00,470969.00
GOLD COAST,2019,6,203236.00,198016.00,401252.00,34422.00,37429.00,71851.00,237658.00,235445.00,473103.00
GOLD COAST,2019,7,247576.00,248958.00,496534.00,46702.00,39113.00,85815.00,294278.00,288071.00,582349.00
GOLD COAST,2019,8,222730.00,225565.00,448295.00,38835.00,39005.00,77840.00,261565.00,264570.00,526135.00
GOLD COAST,2019,9,241442.00,230758.00,472200.00,36132.00,37885.00,74017.00,277574.00,268643.00,546217.00
GOLD COAST,2019,10,255381.00,265431.00,520812.00,40033.00,37218.00,77251.00,295414.00,302649.00,598063.00
GOLD COAST,2019,11,225477.00,231244.00,456721.00,34509.00,35596.00,70105.00,259986.00,266840.00,526826.00
GOLD COAST,2019,12,261555.00,244787.00,506342.00,45674.00,52629.00,98303.00,307229.00,297416.00,604645.00
GOLD COAST,2020,1,262457.00,276137.00,538594.00,52235.00,47115.00,99350.00,314692.00,323252.00,637944.00
GOLD COAST,2020,2,185735.00,189523.00,375258.00,36789.00,32871.00,69660.00,222524.00,222394.00,444918.00
GOLD COAST,2020,3,127307.00,137163.00,264470.00,20412.00,18038.00,38450.00,147719.00,155201.00,302920.00
GOLD COAST,2020,4,596.00,922.00,1518.00,0.00,0.00,0.00,596.00,922.00,1518.00
GOLD COAST,2020,5,1025.00,1272.00,2297.00,0.00,0.00,0.00,1025.00,1272.00,2297.00
GOLD COAST,2020,6,2252.00,2837.00,5089.00,0.00,0.00,0.00,2252.00,2837.00,5089.00
GOLD COAST,2020,7,21997.00,19649.00,41646.00,0.00,0.00,0.00,21997.00,19649.00,41646.00
GOLD COAST,2020,8,4075.00,5636.00,9711.00,0.00,0.00,0.00,4075.00,5636.00,9711.00
GOLD COAST,2020,9,10057.00,10035.00,20092.00,0.00,284.00,284.00,10057.00,10319.00,20376.00
GOLD COAST,2020,10,16042.00,15400.00,31442.00,0.00,0.00,0.00,16042.00,15400.00,31442.00
GOLD COAST,2020,11,17802.00,18453.00,36255.00,0.00,0.00,0.00,17802.00,18453.00,36255.00
GOLD COAST,2020,12,101843.00,86257.00,188100.00,0.00,0.00,0.00,101843.00,86257.00,188100.00
GOLD COAST,2021,1,86476.00,106520.00,192996.00,0.00,0.00,0.00,86476.00,106520.00,192996.00
GOLD COAST,2021,2,78519.00,81407.00,159926.00,0.00,0.00,0.00,78519.00,81407.00,159926.00
GOLD COAST,2021,3,142324.00,138815.00,281139.00,0.00,0.00,0.00,142324.00,138815.00,281139.00
GOLD COAST,2021,4,197500.00,199954.00,397454.00,1797.00,2603.00,4400.00,199297.00,202557.00,401854.00
GOLD COAST,2021,5,186483.00,185124.00,371607.00,7460.00,6807.00,14267.00,193943.00,191931.00,385874.00
GOLD COAST,2021,6,119201.00,117418.00,236619.00,8198.00,7736.00,15934.00,127399.00,125154.00,252553.00
GOLD COAST,2021,7,43177.00,52264.00,95441.00,4205.00,5438.00,9643.00,47382.00,57702.00,105084.00
GOLD COAST,2021,8,5901.00,6584.00,12485.00,0.00,0.00,0.00,5901.00,6584.00,12485.00
GOLD COAST,2021,9,12427.00,12573.00,25000.00,0.00,0.00,0.00,12427.00,12573.00,25000.00
GOLD COAST,2021,10,12556.00,13379.00,25935.00,0.00,0.00,0.00,12556.00,13379.00,25935.00
GOLD COAST,2021,11,17318.00,18011.00,35329.00,0.00,0.00,0.00,17318.00,18011.00,35329.00
GOLD COAST,2021,12,119880.00,85001.00,204881.00,0.00,0.00,0.00,119880.00,85001.00,204881.00
GOLD COAST,2022,1,182877.00,202648.00,385525.00,0.00,0.00,0.00,182877.00,202648.00,385525.00
GOLD COAST,2022,2,151862.00,151166.00,303028.00,301.00,124.00,425.00,152163.00,151290.00,303453.00
GOLD COAST,2022,3,196849.00,199365.00,396214.00,2983.00,3031.00,6014.00,199832.00,202396.00,402228.00
GOLD COAST,2022,4,270544.00,269351.00,539895.00,8060.00,7695.00,15755.00,278604.00,277046.00,555650.00
GOLD COAST,2022,5,217755.00,220808.00,438563.00,9571.00,8649.00,18220.00,227326.00,229457.00,456783.00
GOLD COAST,2022,6,231105.00,221148.00,452253.00,15210.00,16385.00,31595.00,246315.00,237533.00,483848.00
GOLD COAST,2022,7,243878.00,245747.00,489625.00,26229.00,22633.00,48862.00,270107.00,268380.00,538487.00
GOLD COAST,2022,8,216702.00,218038.00,434740.00,25503.00,25076.00,50579.00,242205.00,243114.00,485319.00
GOLD COAST,2022,9,232538.00,227367.00,459905.00,26255.00,26290.00,52545.00,258793.00,253657.00,512450.00
GOLD COAST,2022,10,237083.00,237880.00,474963.00,27812.00,26387.00,54199.00,264895.00,264267.00,529162.00
GOLD COAST,2022,11,231294.00,233057.00,464351.00,28108.00,29278.00,57386.00,259402.00,262335.00,521737.00
GOLD COAST,2022,12,243465.00,234968.00,478433.00,27094.00,28518.00,55612.00,270559.00,263486.00,534045.00
GOLD COAST,2023,1,248670.00,261906.00,510576.00,32363.00,28659.00,61022.00,281033.00,290565.00,571598.00
GOLD COAST,2023,2,188231.00,187276.00,375507.00,28225.00,26802.00,55027.00,216456.00,214078.00,430534.00
GOLD COAST,2023,3,211524.00,213378.00,424902.00,30936.00,30210.00,61146.00,242460.00,243588.00,486048.00
GOLD COAST,2023,4,229806.00,228478.00,458284.00,39214.00,36705.00,75919.00,269020.00,265183.00,534203.00
GOLD COAST,2023,5,205362.00,205698.00,411060.00,32887.00,30946.00,63833.00,238249.00,236644.00,474893.00
GOLD COAST,2023,6,209560.00,201489.00,411049.00,35099.00,37464.00,72563.00,244659.00,238953.00,483612.00
GOLD COAST,2023,7,238507.00,241729.00,480236.00,43785.00,36661.00,80446.00,282292.00,278390.00,560682.00
GOLD COAST,2023,8,218772.00,220353.00,439125.00,34098.00,33112.00,67210.00,252870.00,253465.00,506335.00
GOLD COAST,2023,9,244452.00,236402.00,480854.00,36804.00,37399.00,74203.00,281256.00,273801.00,555057.00
GOLD COAST,2023,10,240543.00,246162.00,486705.00,36152.00,33809.00,69961.00,276695.00,279971.00,556666.00
GOLD COAST,2023,11,229172.00,231813.00,460985.00,25198.00,26729.00,51927.00,254370.00,258542.00,512912.00
GOLD COAST,2023,12,257085.00,243178.00,500263.00,26944.00,30423.00,57367.00,284029.00,273601.00,557630.00
GOLD COAST,2024,1,258128.00,275765.00,533893.00,32659.00,29658.00,62317.00,290787.00,305423.00,596210.00
GOLD COAST,2024,2,212791.00,214004.00,426795.00,23412.00,22061.00,45473.00,236203.00,236065.00,472268.00
GOLD COAST,2024,3,242625.00,236651.00,479276.00,23851.00,23870.00,47721.00,266476.00,260521.00,526997.00
GOLD COAST,2024,4,243096.00,248009.00,491105.00,30213.00,26508.00,56721.00,273309.00,274517.00,547826.00
GOLD COAST,2024,5,208372.00,208655.00,417027.00,22701.00,21933.00,44634.00,231073.00,230588.00,461661.00
GOLD COAST,2024,6,209732.00,207786.00,417518.00,24777.00,25347.00,50124.00,234509.00,233133.00,467642.00
GOLD COAST,2024,7,245886.00,241774.00,487660.00,31207.00,28850.00,60057.00,277093.00,270624.00,547717.00
GOLD COAST,2024,8,215306.00,216752.00,432058.00,26083.00,25433.00,51516.00,241389.00,242185.00,483574.00
GOLD COAST,2024,9,232618.00,222871.00,455489.00,28290.00,27285.00,55575.00,260908.00,250156.00,511064.00
GOLD COAST,2024,10,241841.00,250122.00,491963.00,27448.00,27488.00,54936.00,269289.00,277610.00,546899.00
GOLD COAST,2024,11,217514.00,218938.00,436452.00,20316.00,21375.00,41691.00,237830.00,240313.00,478143.00
GOLD COAST,2024,12,260449.00,248197.00,508646.00,27212.00,30357.00,57569.00,287661.00,278554.00,566215.00
GOLD COAST,2025,1,273674.00,280022.00,553696.00,36425.00,31551.00,67976.00,310099.00,311573.00,621672.00
GOLD COAST,2025,2,188272.00,192174.00,380446.00,19297.00,19400.00,38697.00,207569.00,211574.00,419143.00
GOLD COAST,2025,3,172948.00,170495.00,343443.00,19224.00,18138.00,37362.00,192172.00,188633.00,380805.00
GOLD COAST,2025,4,234401.00,234110.00,468511.00,31192.00,30080.00,61272.00,265593.00,264190.00,529783.00
GOLD COAST,2025,5,206079.00,205877.00,411956.00,23636.00,22040.00,45676.00,229715.00,227917.00,457632.00
GOLD COAST,2025,6,200700.00,202990.00,403690.00,26419.00,25524.00,51943.00,227119.00,228514.00,455633.00
HAMILTON ISLAND,2009,1,19233.00,21400.00,40633.00,0.00,0.00,0.00,19233.00,21400.00,40633.00
HAMILTON ISLAND,2009,2,13441.00,13381.00,26822.00,0.00,0.00,0.00,13441.00,13381.00,26822.00
HAMILTON ISLAND,2009,3,16418.00,16376.00,32794.00,0.00,0.00,0.00,16418.00,16376.00,32794.00
HAMILTON ISLAND,2009,4,17439.00,17532.00,34971.00,0.00,0.00,0.00,17439.00,17532.00,34971.00
HAMILTON ISLAND,2009,5,14959.00,15330.00,30289.00,0.00,0.00,0.00,14959.00,15330.00,30289.00
HAMILTON ISLAND,2009,6,15081.00,14625.00,29706.00,0.00,0.00,0.00,15081.00,14625.00,29706.00
HAMILTON ISLAND,2009,7,19347.00,19839.00,39186.00,0.00,0.00,0.00,19347.00,19839.00,39186.00
HAMILTON ISLAND,2009,8,20162.00,20478.00,40640.00,0.00,0.00,0.00,20162.00,20478.00,40640.00
HAMILTON ISLAND,2009,9,23005.00,22603.00,45608.00,0.00,0.00,0.00,23005.00,22603.00,45608.00
HAMILTON ISLAND,2009,10,24217.00,24561.00,48778.00,0.00,0.00,0.00,24217.00,24561.00,48778.00
HAMILTON ISLAND,2009,11,22397.00,22966.00,45363.00,0.00,0.00,0.00,22397.00,22966.00,45363.00
HAMILTON ISLAND,2009,12,21234.00,20414.00,41648.00,0.00,0.00,0.00,21234.00,20414.00,41648.00
HAMILTON ISLAND,2010,1,21471.00,23160.00,44631.00,0.00,0.00,0.00,21471.00,23160.00,44631.00
HAMILTON ISLAND,2010,2,16794.00,16718.00,33512.00,0.00,0.00,0.00,16794.00,16718.00,33512.00
HAMILTON ISLAND,2010,3,17924.00,17626.00,35550.00,0.00,0.00,0.00,17924.00,17626.00,35550.00
HAMILTON ISLAND,2010,4,19470.00,19653.00,39123.00,0.00,0.00,0.00,19470.00,19653.00,39123.00
HAMILTON ISLAND,2010,5,15711.00,16409.00,32120.00,0.00,0.00,0.00,15711.00,16409.00,32120.00
HAMILTON ISLAND,2010,6,16377.00,15523.00,31900.00,0.00,0.00,0.00,16377.00,15523.00,31900.00
HAMILTON ISLAND,2010,7,19521.00,20456.00,39977.00,0.00,0.00,0.00,19521.00,20456.00,39977.00
HAMILTON ISLAND,2010,8,20111.00,20047.00,40158.00,0.00,0.00,0.00,20111.00,20047.00,40158.00
HAMILTON ISLAND,2010,9,22709.00,21122.00,43831.00,0.00,0.00,0.00,22709.00,21122.00,43831.00
HAMILTON ISLAND,2010,10,23376.00,24636.00,48012.00,0.00,0.00,0.00,23376.00,24636.00,48012.00
HAMILTON ISLAND,2010,11,21799.00,22621.00,44420.00,0.00,0.00,0.00,21799.00,22621.00,44420.00
HAMILTON ISLAND,2010,12,22647.00,21194.00,43841.00,0.00,0.00,0.00,22647.00,21194.00,43841.00
HAMILTON ISLAND,2011,1,20297.00,23727.00,44024.00,0.00,0.00,0.00,20297.00,23727.00,44024.00
HAMILTON ISLAND,2011,2,12751.00,12155.00,24906.00,0.00,0.00,0.00,12751.00,12155.00,24906.00
HAMILTON ISLAND,2011,3,16346.00,16232.00,32578.00,0.00,0.00,0.00,16346.00,16232.00,32578.00
HAMILTON ISLAND,2011,4,19114.00,18848.00,37962.00,0.00,0.00,0.00,19114.00,18848.00,37962.00
HAMILTON ISLAND,2011,5,14177.00,15277.00,29454.00,0.00,0.00,0.00,14177.00,15277.00,29454.00
HAMILTON ISLAND,2011,6,14850.00,13628.00,28478.00,0.00,0.00,0.00,14850.00,13628.00,28478.00
HAMILTON ISLAND,2011,7,19457.00,19650.00,39107.00,0.00,0.00,0.00,19457.00,19650.00,39107.00
HAMILTON ISLAND,2011,8,19876.00,19779.00,39655.00,0.00,0.00,0.00,19876.00,19779.00,39655.00
HAMILTON ISLAND,2011,9,23094.00,21284.00,44378.00,0.00,0.00,0.00,23094.00,21284.00,44378.00
HAMILTON ISLAND,2011,10,22886.00,24516.00,47402.00,0.00,0.00,0.00,22886.00,24516.00,47402.00
HAMILTON ISLAND,2011,11,21386.00,22319.00,43705.00,0.00,0.00,0.00,21386.00,22319.00,43705.00
HAMILTON ISLAND,2011,12,21111.00,19668.00,40779.00,0.00,0.00,0.00,21111.00,19668.00,40779.00
HAMILTON ISLAND,2012,1,19546.00,22017.00,41563.00,0.00,0.00,0.00,19546.00,22017.00,41563.00
HAMILTON ISLAND,2012,2,13543.00,13827.00,27370.00,0.00,0.00,0.00,13543.00,13827.00,27370.00
HAMILTON ISLAND,2012,3,16254.00,15380.00,31634.00,0.00,0.00,0.00,16254.00,15380.00,31634.00
HAMILTON ISLAND,2012,4,18323.00,18765.00,37088.00,0.00,0.00,0.00,18323.00,18765.00,37088.00
HAMILTON ISLAND,2012,5,14535.00,15003.00,29538.00,0.00,0.00,0.00,14535.00,15003.00,29538.00
HAMILTON ISLAND,2012,6,16231.00,14644.00,30875.00,0.00,0.00,0.00,16231.00,14644.00,30875.00
HAMILTON ISLAND,2012,7,17730.00,18047.00,35777.00,0.00,0.00,0.00,17730.00,18047.00,35777.00
HAMILTON ISLAND,2012,8,18029.00,17452.00,35481.00,0.00,0.00,0.00,18029.00,17452.00,35481.00
HAMILTON ISLAND,2012,9,21942.00,20358.00,42300.00,0.00,0.00,0.00,21942.00,20358.00,42300.00
HAMILTON ISLAND,2012,10,21947.00,22979.00,44926.00,0.00,0.00,0.00,21947.00,22979.00,44926.00
HAMILTON ISLAND,2012,11,21088.00,21290.00,42378.00,0.00,0.00,0.00,21088.00,21290.00,42378.00
HAMILTON ISLAND,2012,12,21496.00,20261.00,41757.00,0.00,0.00,0.00,21496.00,20261.00,41757.00
HAMILTON ISLAND,2013,1,19124.00,21253.00,40377.00,0.00,0.00,0.00,19124.00,21253.00,40377.00
HAMILTON ISLAND,2013,2,15268.00,15134.00,30402.00,0.00,0.00,0.00,15268.00,15134.00,30402.00
HAMILTON ISLAND,2013,3,17792.00,16657.00,34449.00,0.00,0.00,0.00,17792.00,16657.00,34449.00
HAMILTON ISLAND,2013,4,17849.00,18928.00,36777.00,0.00,0.00,0.00,17849.00,18928.00,36777.00
HAMILTON ISLAND,2013,5,15088.00,15102.00,30190.00,0.00,0.00,0.00,15088.00,15102.00,30190.00
HAMILTON ISLAND,2013,6,16694.00,15212.00,31906.00,0.00,0.00,0.00,16694.00,15212.00,31906.00
HAMILTON ISLAND,2013,7,17875.00,19112.00,36987.00,0.00,0.00,0.00,17875.00,19112.00,36987.00
HAMILTON ISLAND,2013,8,20422.00,19647.00,40069.00,0.00,0.00,0.00,20422.00,19647.00,40069.00
HAMILTON ISLAND,2013,9,23283.00,21927.00,45210.00,0.00,0.00,0.00,23283.00,21927.00,45210.00
HAMILTON ISLAND,2013,10,23693.00,24577.00,48270.00,0.00,0.00,0.00,23693.00,24577.00,48270.00
HAMILTON ISLAND,2013,11,22775.00,22928.00,45703.00,0.00,0.00,0.00,22775.00,22928.00,45703.00
HAMILTON ISLAND,2013,12,23009.00,21951.00,44960.00,0.00,0.00,0.00,23009.00,21951.00,44960.00
HAMILTON ISLAND,2014,1,21333.00,23441.00,44774.00,0.00,0.00,0.00,21333.00,23441.00,44774.00
HAMILTON ISLAND,2014,2,17279.00,17282.00,34561.00,0.00,0.00,0.00,17279.00,17282.00,34561.00
HAMILTON ISLAND,2014,3,17274.00,17414.00,34688.00,0.00,0.00,0.00,17274.00,17414.00,34688.00
HAMILTON ISLAND,2014,4,18407.00,18367.00,36774.00,0.00,0.00,0.00,18407.00,18367.00,36774.00
HAMILTON ISLAND,2014,5,16644.00,16586.00,33230.00,0.00,0.00,0.00,16644.00,16586.00,33230.00
HAMILTON ISLAND,2014,6,16873.00,15213.00,32086.00,0.00,0.00,0.00,16873.00,15213.00,32086.00
HAMILTON ISLAND,2014,7,20478.00,21793.00,42271.00,0.00,0.00,0.00,20478.00,21793.00,42271.00
HAMILTON ISLAND,2014,8,21538.00,21307.00,42845.00,0.00,0.00,0.00,21538.00,21307.00,42845.00
HAMILTON ISLAND,2014,9,24516.00,22996.00,47512.00,0.00,0.00,0.00,24516.00,22996.00,47512.00
HAMILTON ISLAND,2014,10,24055.00,25300.00,49355.00,0.00,0.00,0.00,24055.00,25300.00,49355.00
HAMILTON ISLAND,2014,11,21743.00,22049.00,43792.00,0.00,0.00,0.00,21743.00,22049.00,43792.00
HAMILTON ISLAND,2014,12,22916.00,21701.00,44617.00,0.00,0.00,0.00,22916.00,21701.00,44617.00
HAMILTON ISLAND,2015,1,21515.00,24010.00,45525.00,0.00,0.00,0.00,21515.00,24010.00,45525.00
HAMILTON ISLAND,2015,2,18129.00,17566.00,35695.00,0.00,0.00,0.00,18129.00,17566.00,35695.00
HAMILTON ISLAND,2015,3,18788.00,18138.00,36926.00,0.00,0.00,0.00,18788.00,18138.00,36926.00
HAMILTON ISLAND,2015,4,18567.00,19125.00,37692.00,0.00,0.00,0.00,18567.00,19125.00,37692.00
HAMILTON ISLAND,2015,5,16356.00,16902.00,33258.00,0.00,0.00,0.00,16356.00,16902.00,33258.00
HAMILTON ISLAND,2015,6,18103.00,16269.00,34372.00,0.00,0.00,0.00,18103.00,16269.00,34372.00
HAMILTON ISLAND,2015,7,19019.00,19946.00,38965.00,0.00,0.00,0.00,19019.00,19946.00,38965.00
HAMILTON ISLAND,2015,8,21042.00,21156.00,42198.00,0.00,0.00,0.00,21042.00,21156.00,42198.00
HAMILTON ISLAND,2015,9,23255.00,21637.00,44892.00,0.00,0.00,0.00,23255.00,21637.00,44892.00
HAMILTON ISLAND,2015,10,23315.00,24246.00,47561.00,0.00,0.00,0.00,23315.00,24246.00,47561.00
HAMILTON ISLAND,2015,11,21629.00,22375.00,44004.00,0.00,0.00,0.00,21629.00,22375.00,44004.00
HAMILTON ISLAND,2015,12,23727.00,21671.00,45398.00,0.00,0.00,0.00,23727.00,21671.00,45398.00
HAMILTON ISLAND,2016,1,22617.00,24999.00,47616.00,0.00,0.00,0.00,22617.00,24999.00,47616.00
HAMILTON ISLAND,2016,2,20744.00,20562.00,41306.00,0.00,0.00,0.00,20744.00,20562.00,41306.00
HAMILTON ISLAND,2016,3,22312.00,20772.00,43084.00,0.00,0.00,0.00,22312.00,20772.00,43084.00
HAMILTON ISLAND,2016,4,21842.00,22714.00,44556.00,0.00,0.00,0.00,21842.00,22714.00,44556.00
HAMILTON ISLAND,2016,5,18880.00,20006.00,38886.00,0.00,0.00,0.00,18880.00,20006.00,38886.00
HAMILTON ISLAND,2016,6,19262.00,17017.00,36279.00,0.00,0.00,0.00,19262.00,17017.00,36279.00
HAMILTON ISLAND,2016,7,23290.00,24686.00,47976.00,0.00,0.00,0.00,23290.00,24686.00,47976.00
HAMILTON ISLAND,2016,8,22826.00,23024.00,45850.00,0.00,0.00,0.00,22826.00,23024.00,45850.00
HAMILTON ISLAND,2016,9,26244.00,24538.00,50782.00,0.00,0.00,0.00,26244.00,24538.00,50782.00
HAMILTON ISLAND,2016,10,25971.00,27069.00,53040.00,0.00,0.00,0.00,25971.00,27069.00,53040.00
HAMILTON ISLAND,2016,11,24398.00,25255.00,49653.00,0.00,0.00,0.00,24398.00,25255.00,49653.00
HAMILTON ISLAND,2016,12,26315.00,24479.00,50794.00,0.00,0.00,0.00,26315.00,24479.00,50794.00
HAMILTON ISLAND,2017,1,26590.00,29087.00,55677.00,0.00,0.00,0.00,26590.00,29087.00,55677.00
HAMILTON ISLAND,2017,2,19690.00,20718.00,40408.00,0.00,0.00,0.00,19690.00,20718.00,40408.00
HAMILTON ISLAND,2017,3,17665.00,18510.00,36175.00,0.00,0.00,0.00,17665.00,18510.00,36175.00
HAMILTON ISLAND,2017,4,8954.00,7837.00,16791.00,0.00,0.00,0.00,8954.00,7837.00,16791.00
HAMILTON ISLAND,2017,5,12495.00,12799.00,25294.00,0.00,0.00,0.00,12495.00,12799.00,25294.00
HAMILTON ISLAND,2017,6,12601.00,11540.00,24141.00,0.00,0.00,0.00,12601.00,11540.00,24141.00
HAMILTON ISLAND,2017,7,17069.00,17966.00,35035.00,0.00,0.00,0.00,17069.00,17966.00,35035.00
HAMILTON ISLAND,2017,8,17459.00,17375.00,34834.00,0.00,0.00,0.00,17459.00,17375.00,34834.00
HAMILTON ISLAND,2017,9,19922.00,18540.00,38462.00,0.00,0.00,0.00,19922.00,18540.00,38462.00
HAMILTON ISLAND,2017,10,19266.00,20888.00,40154.00,0.00,0.00,0.00,19266.00,20888.00,40154.00
HAMILTON ISLAND,2017,11,18585.00,18765.00,37350.00,0.00,0.00,0.00,18585.00,18765.00,37350.00
HAMILTON ISLAND,2017,12,20167.00,19063.00,39230.00,0.00,0.00,0.00,20167.00,19063.00,39230.00
HAMILTON ISLAND,2018,1,18523.00,20414.00,38937.00,0.00,0.00,0.00,18523.00,20414.00,38937.00
HAMILTON ISLAND,2018,2,16593.00,16666.00,33259.00,0.00,0.00,0.00,16593.00,16666.00,33259.00
HAMILTON ISLAND,2018,3,16672.00,15753.00,32425.00,0.00,0.00,0.00,16672.00,15753.00,32425.00
HAMILTON ISLAND,2018,4,15867.00,16890.00,32757.00,0.00,0.00,0.00,15867.00,16890.00,32757.00
HAMILTON ISLAND,2018,5,13253.00,13723.00,26976.00,0.00,0.00,0.00,13253.00,13723.00,26976.00
HAMILTON ISLAND,2018,6,13797.00,13148.00,26945.00,0.00,0.00,0.00,13797.00,13148.00,26945.00
HAMILTON ISLAND,2018,7,18537.00,19562.00,38099.00,0.00,0.00,0.00,18537.00,19562.00,38099.00
HAMILTON ISLAND,2018,8,18498.00,18441.00,36939.00,0.00,0.00,0.00,18498.00,18441.00,36939.00
HAMILTON ISLAND,2018,9,20506.00,19290.00,39796.00,0.00,0.00,0.00,20506.00,19290.00,39796.00
HAMILTON ISLAND,2018,10,20146.00,21935.00,42081.00,0.00,0.00,0.00,20146.00,21935.00,42081.00
HAMILTON ISLAND,2018,11,19180.00,19367.00,38547.00,0.00,0.00,0.00,19180.00,19367.00,38547.00
HAMILTON ISLAND,2018,12,20924.00,19699.00,40623.00,0.00,0.00,0.00,20924.00,19699.00,40623.00
HAMILTON ISLAND,2019,1,18734.00,21179.00,39913.00,0.00,0.00,0.00,18734.00,21179.00,39913.00
HAMILTON ISLAND,2019,2,15354.00,15844.00,31198.00,0.00,0.00,0.00,15354.00,15844.00,31198.00
HAMILTON ISLAND,2019,3,15182.00,15103.00,30285.00,0.00,0.00,0.00,15182.00,15103.00,30285.00
HAMILTON ISLAND,2019,4,18466.00,18217.00,36683.00,0.00,0.00,0.00,18466.00,18217.00,36683.00
HAMILTON ISLAND,2019,5,13986.00,14324.00,28310.00,0.00,0.00,0.00,13986.00,14324.00,28310.00
HAMILTON ISLAND,2019,6,14973.00,13789.00,28762.00,0.00,0.00,0.00,14973.00,13789.00,28762.00
HAMILTON ISLAND,2019,7,19871.00,20944.00,40815.00,0.00,0.00,0.00,19871.00,20944.00,40815.00
HAMILTON ISLAND,2019,8,19838.00,19645.00,39483.00,0.00,0.00,0.00,19838.00,19645.00,39483.00
HAMILTON ISLAND,2019,9,22853.00,21528.00,44381.00,0.00,0.00,0.00,22853.00,21528.00,44381.00
HAMILTON ISLAND,2019,10,22524.00,24536.00,47060.00,0.00,0.00,0.00,22524.00,24536.00,47060.00
HAMILTON ISLAND,2019,11,20579.00,20977.00,41556.00,0.00,0.00,0.00,20579.00,20977.00,41556.00
HAMILTON ISLAND,2019,12,23078.00,21022.00,44100.00,0.00,0.00,0.00,23078.00,21022.00,44100.00
HAMILTON ISLAND,2020,1,22712.00,25497.00,48209.00,0.00,0.00,0.00,22712.00,25497.00,48209.00
HAMILTON ISLAND,2020,2,14231.00,14505.00,28736.00,0.00,0.00,0.00,14231.00,14505.00,28736.00
HAMILTON ISLAND,2020,3,10071.00,12473.00,22544.00,0.00,0.00,0.00,10071.00,12473.00,22544.00
HAMILTON ISLAND,2020,4,0.00,0.00,0.00,0.00,0.00,0.00,0.00,0.00,0.00
HAMILTON ISLAND,2020,5,0.00,0.00,0.00,0.00,0.00,0.00,0.00,0.00,0.00
HAMILTON ISLAND,2020,6,0.00,0.00,0.00,0.00,0.00,0.00,0.00,0.00,0.00
HAMILTON ISLAND,2020,7,254.00,103.00,357.00,0.00,0.00,0.00,254.00,103.00,357.00
HAMILTON ISLAND,2020,8,4259.00,3940.00,8199.00,0.00,0.00,0.00,4259.00,3940.00,8199.00
HAMILTON ISLAND,2020,9,8241.00,7285.00,15526.00,0.00,0.00,0.00,8241.00,7285.00,15526.00
HAMILTON ISLAND,2020,10,8730.00,9254.00,17984.00,0.00,0.00,0.00,8730.00,9254.00,17984.00
HAMILTON ISLAND,2020,11,9643.00,9220.00,18863.00,0.00,0.00,0.00,9643.00,9220.00,18863.00
HAMILTON ISLAND,2020,12,14690.00,13664.00,28354.00,0.00,0.00,0.00,14690.00,13664.00,28354.00
HAMILTON ISLAND,2021,1,10317.00,12310.00,22627.00,0.00,0.00,0.00,10317.00,12310.00,22627.00
HAMILTON ISLAND,2021,2,11631.00,10806.00,22437.00,0.00,0.00,0.00,11631.00,10806.00,22437.00
HAMILTON ISLAND,2021,3,18225.00,17235.00,35460.00,0.00,0.00,0.00,18225.00,17235.00,35460.00
HAMILTON ISLAND,2021,4,20772.00,20463.00,41235.00,0.00,0.00,0.00,20772.00,20463.00,41235.00
HAMILTON ISLAND,2021,5,19954.00,21048.00,41002.00,0.00,0.00,0.00,19954.00,21048.00,41002.00
HAMILTON ISLAND,2021,6,17249.00,16271.00,33520.00,0.00,0.00,0.00,17249.00,16271.00,33520.00
HAMILTON ISLAND,2021,7,10794.00,13887.00,24681.00,0.00,0.00,0.00,10794.00,13887.00,24681.00
HAMILTON ISLAND,2021,8,4340.00,4691.00,9031.00,0.00,0.00,0.00,4340.00,4691.00,9031.00
HAMILTON ISLAND,2021,9,10406.00,9404.00,19810.00,0.00,0.00,0.00,10406.00,9404.00,19810.00
HAMILTON ISLAND,2021,10,11625.00,12654.00,24279.00,0.00,0.00,0.00,11625.00,12654.00,24279.00
HAMILTON ISLAND,2021,11,10789.00,10601.00,21390.00,0.00,0.00,0.00,10789.00,10601.00,21390.00
HAMILTON ISLAND,2021,12,17026.00,14663.00,31689.00,0.00,0.00,0.00,17026.00,14663.00,31689.00
HAMILTON ISLAND,2022,1,14446.00,16313.00,30759.00,0.00,0.00,0.00,14446.00,16313.00,30759.00
HAMILTON ISLAND,2022,2,16502.00,16129.00,32631.00,0.00,0.00,0.00,16502.00,16129.00,32631.00
HAMILTON ISLAND,2022,3,19756.00,19377.00,39133.00,0.00,0.00,0.00,19756.00,19377.00,39133.00
HAMILTON ISLAND,2022,4,22722.00,22756.00,45478.00,0.00,0.00,0.00,22722.00,22756.00,45478.00
HAMILTON ISLAND,2022,5,20748.00,21417.00,42165.00,0.00,0.00,0.00,20748.00,21417.00,42165.00
HAMILTON ISLAND,2022,6,21297.00,19433.00,40730.00,0.00,0.00,0.00,21297.00,19433.00,40730.00
HAMILTON ISLAND,2022,7,22580.00,24049.00,46629.00,0.00,0.00,0.00,22580.00,24049.00,46629.00
HAMILTON ISLAND,2022,8,19831.00,20154.00,39985.00,0.00,0.00,0.00,19831.00,20154.00,39985.00
HAMILTON ISLAND,2022,9,23457.00,21920.00,45377.00,0.00,0.00,0.00,23457.00,21920.00,45377.00
HAMILTON ISLAND,2022,10,23848.00,25602.00,49450.00,0.00,0.00,0.00,23848.00,25602.00,49450.00
HAMILTON ISLAND,2022,11,21402.00,22093.00,43495.00,0.00,0.00,0.00,21402.00,22093.00,43495.00
HAMILTON ISLAND,2022,12,22644.00,21576.00,44220.00,0.00,0.00,0.00,22644.00,21576.00,44220.00
HAMILTON ISLAND,2023,1,22244.00,25226.00,47470.00,0.00,0.00,0.00,22244.00,25226.00,47470.00
HAMILTON ISLAND,2023,2,15672.00,16084.00,31756.00,0.00,0.00,0.00,15672.00,16084.00,31756.00
HAMILTON ISLAND,2023,3,19639.00,19003.00,38642.00,0.00,0.00,0.00,19639.00,19003.00,38642.00
HAMILTON ISLAND,2023,4,21237.00,21644.00,42881.00,0.00,0.00,0.00,21237.00,21644.00,42881.00
HAMILTON ISLAND,2023,5,16799.00,17715.00,34514.00,0.00,0.00,0.00,16799.00,17715.00,34514.00
HAMILTON ISLAND,2023,6,18886.00,16883.00,35769.00,0.00,0.00,0.00,18886.00,16883.00,35769.00
HAMILTON ISLAND,2023,7,20977.00,22514.00,43491.00,0.00,0.00,0.00,20977.00,22514.00,43491.00
HAMILTON ISLAND,2023,8,20181.00,20074.00,40255.00,0.00,0.00,0.00,20181.00,20074.00,40255.00
HAMILTON ISLAND,2023,9,24692.00,23278.00,47970.00,0.00,0.00,0.00,24692.00,23278.00,47970.00
HAMILTON ISLAND,2023,10,22003.00,24027.00,46030.00,0.00,0.00,0.00,22003.00,24027.00,46030.00
HAMILTON ISLAND,2023,11,21715.00,21567.00,43282.00,0.00,0.00,0.00,21715.00,21567.00,43282.00
HAMILTON ISLAND,2023,12,23138.00,21393.00,44531.00,0.00,0.00,0.00,23138.00,21393.00,44531.00
HAMILTON ISLAND,2024,1,19849.00,22780.00,42629.00,0.00,0.00,0.00,19849.00,22780.00,42629.00
HAMILTON ISLAND,2024,2,17969.00,17826.00,35795.00,0.00,0.00,0.00,17969.00,17826.00,35795.00
HAMILTON ISLAND,2024,3,20464.00,18447.00,38911.00,0.00,0.00,0.00,20464.00,18447.00,38911.00
HAMILTON ISLAND,2024,4,18993.00,20979.00,39972.00,0.00,0.00,0.00,18993.00,20979.00,39972.00
HAMILTON ISLAND,2024,5,16164.00,16613.00,32777.00,0.00,0.00,0.00,16164.00,16613.00,32777.00
HAMILTON ISLAND,2024,6,17731.00,16366.00,34097.00,0.00,0.00,0.00,17731.00,16366.00,34097.00
HAMILTON ISLAND,2024,7,20962.00,22282.00,43244.00,0.00,0.00,0.00,20962.00,22282.00,43244.00
HAMILTON ISLAND,2024,8,19738.00,19631.00,39369.00,0.00,0.00,0.00,19738.00,19631.00,39369.00
HAMILTON ISLAND,2024,9,23413.00,22263.00,45676.00,0.00,0.00,0.00,23413.00,22263.00,45676.00
HAMILTON ISLAND,2024,10,22594.00,24507.00,47101.00,0.00,0.00,0.00,22594.00,24507.00,47101.00
HAMILTON ISLAND,2024,11,20962.00,21135.00,42097.00,0.00,0.00,0.00,20962.00,21135.00,42097.00
HAMILTON ISLAND,2024,12,24027.00,22845.00,46872.00,0.00,0.00,0.00,24027.00,22845.00,46872.00
HAMILTON ISLAND,2025,1,22530.00,24628.00,47158.00,0.00,0.00,0.00,22530.00,24628.00,47158.00
HAMILTON ISLAND,2025,2,15096.00,15832.00,30928.00,0.00,0.00,0.00,15096.00,15832.00,30928.00
HAMILTON ISLAND,2025,3,18840.00,18382.00,37222.00,0.00,0.00,0.00,18840.00,18382.00,37222.00
HAMILTON ISLAND,2025,4,21532.00,21512.00,43044.00,0.00,0.00,0.00,21532.00,21512.00,43044.00
HAMILTON ISLAND,2025,5,16321.00,16644.00,32965.00,0.00,0.00,0.00,16321.00,16644.00,32965.00
HAMILTON ISLAND,2025,6,17255.00,16145.00,33400.00,0.00,0.00,0.00,17255.00,16145.00,33400.00
HOBART,2009,1,88551.00,96258.00,184809.00,0.00,0.00,0.00,88551.00,96258.00,184809.00
HOBART,2009,2,80226.00,77967.00,158193.00,0.00,0.00,0.00,80226.00,77967.00,158193.00
HOBART,2009,3,85655.00,88241.00,173896.00,0.00,0.00,0.00,85655.00,88241.00,173896.00
HOBART,2009,4,80504.00,81802.00,162306.00,0.00,0.00,0.00,80504.00,81802.00,162306.00
HOBART,2009,5,71580.00,76766.00,148346.00,0.00,0.00,0.00,71580.00,76766.00,148346.00
HOBART,2009,6,67913.00,64387.00,132300.00,0.00,0.00,0.00,67913.00,64387.00,132300.00
HOBART,2009,7,69369.00,70328.00,139697.00,0.00,0.00,0.00,69369.00,70328.00,139697.00
HOBART,2009,8,72844.00,73169.00,146013.00,0.00,0.00,0.00,72844.00,73169.00,146013.00
HOBART,2009,9,77671.00,73040.00,150711.00,0.00,0.00,0.00,77671.00,73040.00,150711.00
HOBART,2009,10,79255.00,78683.00,157938.00,0.00,0.00,0.00,79255.00,78683.00,157938.00
HOBART,2009,11,78141.00,78185.00,156326.00,0.00,0.00,0.00,78141.00,78185.00,156326.00
HOBART,2009,12,85143.00,78781.00,163924.00,0.00,0.00,0.00,85143.00,78781.00,163924.00
HOBART,2010,1,82337.00,89740.00,172077.00,0.00,0.00,0.00,82337.00,89740.00,172077.00
HOBART,2010,2,80480.00,77113.00,157593.00,0.00,0.00,0.00,80480.00,77113.00,157593.00
HOBART,2010,3,83340.00,84388.00,167728.00,0.00,0.00,0.00,83340.00,84388.00,167728.00
HOBART,2010,4,77541.00,81585.00,159126.00,0.00,0.00,0.00,77541.00,81585.00,159126.00
HOBART,2010,5,70607.00,76458.00,147065.00,0.00,0.00,0.00,70607.00,76458.00,147065.00
HOBART,2010,6,70837.00,66836.00,137673.00,0.00,0.00,0.00,70837.00,66836.00,137673.00
HOBART,2010,7,70896.00,73702.00,144598.00,0.00,0.00,0.00,70896.00,73702.00,144598.00
HOBART,2010,8,71393.00,72567.00,143960.00,0.00,0.00,0.00,71393.00,72567.00,143960.00
HOBART,2010,9,79678.00,71781.00,151459.00,0.00,0.00,0.00,79678.00,71781.00,151459.00
HOBART,2010,10,78044.00,78129.00,156173.00,0.00,0.00,0.00,78044.00,78129.00,156173.00
HOBART,2010,11,80259.00,81028.00,161287.00,0.00,0.00,0.00,80259.00,81028.00,161287.00
HOBART,2010,12,97986.00,85367.00,183353.00,0.00,0.00,0.00,97986.00,85367.00,183353.00
HOBART,2011,1,92675.00,106709.00,199384.00,0.00,0.00,0.00,92675.00,106709.00,199384.00
HOBART,2011,2,83321.00,79592.00,162913.00,0.00,0.00,0.00,83321.00,79592.00,162913.00
HOBART,2011,3,87289.00,90641.00,177930.00,0.00,0.00,0.00,87289.00,90641.00,177930.00
HOBART,2011,4,76354.00,80101.00,156455.00,0.00,0.00,0.00,76354.00,80101.00,156455.00
HOBART,2011,5,69370.00,76509.00,145879.00,0.00,0.00,0.00,69370.00,76509.00,145879.00
HOBART,2011,6,60645.00,59129.00,119774.00,0.00,0.00,0.00,60645.00,59129.00,119774.00
HOBART,2011,7,67266.00,68520.00,135786.00,0.00,0.00,0.00,67266.00,68520.00,135786.00
HOBART,2011,8,66258.00,68792.00,135050.00,0.00,0.00,0.00,66258.00,68792.00,135050.00
HOBART,2011,9,74384.00,66544.00,140928.00,0.00,0.00,0.00,74384.00,66544.00,140928.00
HOBART,2011,10,74678.00,75770.00,150448.00,0.00,0.00,0.00,74678.00,75770.00,150448.00
HOBART,2011,11,76263.00,76813.00,153076.00,0.00,0.00,0.00,76263.00,76813.00,153076.00
HOBART,2011,12,89010.00,78048.00,167058.00,0.00,0.00,0.00,89010.00,78048.00,167058.00
HOBART,2012,1,84357.00,97944.00,182301.00,0.00,0.00,0.00,84357.00,97944.00,182301.00
HOBART,2012,2,78675.00,76620.00,155295.00,0.00,0.00,0.00,78675.00,76620.00,155295.00
HOBART,2012,3,81410.00,84749.00,166159.00,0.00,0.00,0.00,81410.00,84749.00,166159.00
HOBART,2012,4,75329.00,78629.00,153958.00,0.00,0.00,0.00,75329.00,78629.00,153958.00
HOBART,2012,5,66036.00,73834.00,139870.00,0.00,0.00,0.00,66036.00,73834.00,139870.00
HOBART,2012,6,69742.00,64966.00,134708.00,0.00,0.00,0.00,69742.00,64966.00,134708.00
HOBART,2012,7,69699.00,70926.00,140625.00,0.00,0.00,0.00,69699.00,70926.00,140625.00
HOBART,2012,8,69350.00,70866.00,140216.00,0.00,0.00,0.00,69350.00,70866.00,140216.00
HOBART,2012,9,82379.00,73729.00,156108.00,0.00,0.00,0.00,82379.00,73729.00,156108.00
HOBART,2012,10,81473.00,84636.00,166109.00,0.00,0.00,0.00,81473.00,84636.00,166109.00
HOBART,2012,11,91650.00,90863.00,182513.00,0.00,0.00,0.00,91650.00,90863.00,182513.00
HOBART,2012,12,108100.00,93064.00,201164.00,0.00,0.00,0.00,108100.00,93064.00,201164.00
HOBART,2013,1,95467.00,112438.00,207905.00,0.00,0.00,0.00,95467.00,112438.00,207905.00
HOBART,2013,2,84575.00,84478.00,169053.00,0.00,0.00,0.00,84575.00,84478.00,169053.00
HOBART,2013,3,96515.00,95278.00,191793.00,0.00,0.00,0.00,96515.00,95278.00,191793.00
HOBART,2013,4,83602.00,94754.00,178356.00,0.00,0.00,0.00,83602.00,94754.00,178356.00
HOBART,2013,5,74986.00,75030.00,150016.00,0.00,0.00,0.00,74986.00,75030.00,150016.00
HOBART,2013,6,71412.00,71281.00,142693.00,0.00,0.00,0.00,71412.00,71281.00,142693.00
HOBART,2013,7,81088.00,83784.00,164872.00,0.00,0.00,0.00,81088.00,83784.00,164872.00
HOBART,2013,8,79622.00,80027.00,159649.00,0.00,0.00,0.00,79622.00,80027.00,159649.00
HOBART,2013,9,81809.00,78832.00,160641.00,0.00,0.00,0.00,81809.00,78832.00,160641.00
HOBART,2013,10,91869.00,89038.00,180907.00,0.00,0.00,0.00,91869.00,89038.00,180907.00
HOBART,2013,11,91192.00,90315.00,181507.00,0.00,0.00,0.00,91192.00,90315.00,181507.00
HOBART,2013,12,108502.00,95812.00,204314.00,0.00,0.00,0.00,108502.00,95812.00,204314.00
HOBART,2014,1,99727.00,112709.00,212436.00,0.00,0.00,0.00,99727.00,112709.00,212436.00
HOBART,2014,2,85952.00,85280.00,171232.00,0.00,0.00,0.00,85952.00,85280.00,171232.00
HOBART,2014,3,94087.00,98207.00,192294.00,0.00,0.00,0.00,94087.00,98207.00,192294.00
HOBART,2014,4,84171.00,90769.00,174940.00,0.00,0.00,0.00,84171.00,90769.00,174940.00
HOBART,2014,5,76390.00,76964.00,153354.00,0.00,0.00,0.00,76390.00,76964.00,153354.00
HOBART,2014,6,75294.00,75202.00,150496.00,0.00,0.00,0.00,75294.00,75202.00,150496.00
HOBART,2014,7,82618.00,85222.00,167840.00,0.00,0.00,0.00,82618.00,85222.00,167840.00
HOBART,2014,8,78837.00,79802.00,158639.00,0.00,0.00,0.00,78837.00,79802.00,158639.00
HOBART,2014,9,81768.00,78408.00,160176.00,0.00,0.00,0.00,81768.00,78408.00,160176.00
HOBART,2014,10,95303.00,91155.00,186458.00,0.00,0.00,0.00,95303.00,91155.00,186458.00
HOBART,2014,11,94398.00,94140.00,188538.00,0.00,0.00,0.00,94398.00,94140.00,188538.00
HOBART,2014,12,112735.00,98843.00,211578.00,0.00,0.00,0.00,112735.00,98843.00,211578.00
HOBART,2015,1,105456.00,120299.00,225755.00,0.00,0.00,0.00,105456.00,120299.00,225755.00
HOBART,2015,2,94081.00,91925.00,186006.00,0.00,0.00,0.00,94081.00,91925.00,186006.00
HOBART,2015,3,97209.00,101984.00,199193.00,0.00,0.00,0.00,97209.00,101984.00,199193.00
HOBART,2015,4,89654.00,94013.00,183667.00,0.00,0.00,0.00,89654.00,94013.00,183667.00
HOBART,2015,5,79587.00,82903.00,162490.00,0.00,0.00,0.00,79587.00,82903.00,162490.00
HOBART,2015,6,78217.00,77801.00,156018.00,0.00,0.00,0.00,78217.00,77801.00,156018.00
HOBART,2015,7,84845.00,88470.00,173315.00,0.00,0.00,0.00,84845.00,88470.00,173315.00
HOBART,2015,8,80594.00,80957.00,161551.00,0.00,0.00,0.00,80594.00,80957.00,161551.00
HOBART,2015,9,86809.00,83347.00,170156.00,0.00,0.00,0.00,86809.00,83347.00,170156.00
HOBART,2015,10,99361.00,94374.00,193735.00,0.00,0.00,0.00,99361.00,94374.00,193735.00
HOBART,2015,11,99925.00,99671.00,199596.00,0.00,0.00,0.00,99925.00,99671.00,199596.00
HOBART,2015,12,119726.00,107224.00,226950.00,0.00,0.00,0.00,119726.00,107224.00,226950.00
HOBART,2016,1,108012.00,124464.00,232476.00,0.00,0.00,0.00,108012.00,124464.00,232476.00
HOBART,2016,2,97978.00,97936.00,195914.00,0.00,0.00,0.00,97978.00,97936.00,195914.00
HOBART,2016,3,104741.00,107306.00,212047.00,0.00,0.00,0.00,104741.00,107306.00,212047.00
HOBART,2016,4,94140.00,102924.00,197064.00,0.00,0.00,0.00,94140.00,102924.00,197064.00
HOBART,2016,5,86020.00,90531.00,176551.00,0.00,0.00,0.00,86020.00,90531.00,176551.00
HOBART,2016,6,86667.00,86917.00,173584.00,0.00,0.00,0.00,86667.00,86917.00,173584.00
HOBART,2016,7,90828.00,92811.00,183639.00,0.00,0.00,0.00,90828.00,92811.00,183639.00
HOBART,2016,8,83265.00,85213.00,168478.00,0.00,0.00,0.00,83265.00,85213.00,168478.00
HOBART,2016,9,94732.00,90362.00,185094.00,0.00,0.00,0.00,94732.00,90362.00,185094.00
HOBART,2016,10,104258.00,101159.00,205417.00,0.00,0.00,0.00,104258.00,101159.00,205417.00
HOBART,2016,11,103495.00,103545.00,207040.00,0.00,0.00,0.00,103495.00,103545.00,207040.00
HOBART,2016,12,127433.00,113400.00,240833.00,0.00,0.00,0.00,127433.00,113400.00,240833.00
HOBART,2017,1,118191.00,132076.00,250267.00,0.00,0.00,0.00,118191.00,132076.00,250267.00
HOBART,2017,2,103325.00,102059.00,205384.00,0.00,0.00,0.00,103325.00,102059.00,205384.00
HOBART,2017,3,107501.00,111737.00,219238.00,0.00,0.00,0.00,107501.00,111737.00,219238.00
HOBART,2017,4,104746.00,109772.00,214518.00,0.00,0.00,0.00,104746.00,109772.00,214518.00
HOBART,2017,5,88382.00,92193.00,180575.00,0.00,0.00,0.00,88382.00,92193.00,180575.00
HOBART,2017,6,90673.00,89636.00,180309.00,0.00,0.00,0.00,90673.00,89636.00,180309.00
HOBART,2017,7,99196.00,102431.00,201627.00,0.00,0.00,0.00,99196.00,102431.00,201627.00
HOBART,2017,8,87387.00,87859.00,175246.00,0.00,0.00,0.00,87387.00,87859.00,175246.00
HOBART,2017,9,97992.00,91468.00,189460.00,0.00,0.00,0.00,97992.00,91468.00,189460.00
HOBART,2017,10,108902.00,108200.00,217102.00,0.00,0.00,0.00,108902.00,108200.00,217102.00
HOBART,2017,11,110717.00,110395.00,221112.00,0.00,0.00,0.00,110717.00,110395.00,221112.00
HOBART,2017,12,135137.00,120368.00,255505.00,0.00,0.00,0.00,135137.00,120368.00,255505.00
HOBART,2018,1,125218.00,141366.00,266584.00,0.00,0.00,0.00,125218.00,141366.00,266584.00
HOBART,2018,2,113258.00,109757.00,223015.00,0.00,0.00,0.00,113258.00,109757.00,223015.00
HOBART,2018,3,123639.00,124859.00,248498.00,0.00,0.00,0.00,123639.00,124859.00,248498.00
HOBART,2018,4,111145.00,118749.00,229894.00,0.00,0.00,0.00,111145.00,118749.00,229894.00
HOBART,2018,5,90232.00,93341.00,183573.00,0.00,0.00,0.00,90232.00,93341.00,183573.00
HOBART,2018,6,91837.00,92643.00,184480.00,0.00,0.00,0.00,91837.00,92643.00,184480.00
HOBART,2018,7,106020.00,106872.00,212892.00,0.00,0.00,0.00,106020.00,106872.00,212892.00
HOBART,2018,8,94063.00,94842.00,188905.00,0.00,0.00,0.00,94063.00,94842.00,188905.00
HOBART,2018,9,101772.00,96920.00,198692.00,0.00,0.00,0.00,101772.00,96920.00,198692.00
HOBART,2018,10,118753.00,117015.00,235768.00,0.00,0.00,0.00,118753.00,117015.00,235768.00
HOBART,2018,11,119996.00,117668.00,237664.00,0.00,0.00,0.00,119996.00,117668.00,237664.00
HOBART,2018,12,141828.00,124835.00,266663.00,0.00,0.00,0.00,141828.00,124835.00,266663.00
HOBART,2019,1,130366.00,147840.00,278206.00,0.00,0.00,0.00,130366.00,147840.00,278206.00
HOBART,2019,2,118030.00,113881.00,231911.00,0.00,0.00,0.00,118030.00,113881.00,231911.00
HOBART,2019,3,120100.00,123918.00,244018.00,0.00,0.00,0.00,120100.00,123918.00,244018.00
HOBART,2019,4,114959.00,119517.00,234476.00,0.00,0.00,0.00,114959.00,119517.00,234476.00
HOBART,2019,5,95801.00,98915.00,194716.00,0.00,0.00,0.00,95801.00,98915.00,194716.00
HOBART,2019,6,100817.00,100831.00,201648.00,0.00,0.00,0.00,100817.00,100831.00,201648.00
HOBART,2019,7,109278.00,111707.00,220985.00,0.00,0.00,0.00,109278.00,111707.00,220985.00
HOBART,2019,8,101185.00,101926.00,203111.00,0.00,0.00,0.00,101185.00,101926.00,203111.00
HOBART,2019,9,108777.00,103743.00,212520.00,0.00,0.00,0.00,108777.00,103743.00,212520.00
HOBART,2019,10,121894.00,119785.00,241679.00,0.00,0.00,0.00,121894.00,119785.00,241679.00
HOBART,2019,11,123885.00,123263.00,247148.00,0.00,0.00,0.00,123885.00,123263.00,247148.00
HOBART,2019,12,144019.00,127302.00,271321.00,0.00,0.00,0.00,144019.00,127302.00,271321.00
HOBART,2020,1,135552.00,149565.00,285117.00,0.00,0.00,0.00,135552.00,149565.00,285117.00
HOBART,2020,2,115076.00,113163.00,228239.00,0.00,0.00,0.00,115076.00,113163.00,228239.00
HOBART,2020,3,72088.00,80867.00,152955.00,0.00,0.00,0.00,72088.00,80867.00,152955.00
HOBART,2020,4,780.00,1341.00,2121.00,0.00,0.00,0.00,780.00,1341.00,2121.00
HOBART,2020,5,1263.00,2003.00,3266.00,0.00,0.00,0.00,1263.00,2003.00,3266.00
HOBART,2020,6,2302.00,3099.00,5401.00,0.00,0.00,0.00,2302.00,3099.00,5401.00
HOBART,2020,7,2840.00,3618.00,6458.00,0.00,0.00,0.00,2840.00,3618.00,6458.00
HOBART,2020,8,2400.00,3050.00,5450.00,0.00,0.00,0.00,2400.00,3050.00,5450.00
HOBART,2020,9,2423.00,2660.00,5083.00,0.00,0.00,0.00,2423.00,2660.00,5083.00
HOBART,2020,10,4246.00,4699.00,8945.00,0.00,0.00,0.00,4246.00,4699.00,8945.00
HOBART,2020,11,23926.00,21419.00,45345.00,0.00,0.00,0.00,23926.00,21419.00,45345.00
HOBART,2020,12,72103.00,59180.00,131283.00,0.00,0.00,0.00,72103.00,59180.00,131283.00
HOBART,2021,1,59922.00,70307.00,130229.00,0.00,0.00,0.00,59922.00,70307.00,130229.00
HOBART,2021,2,50326.00,48098.00,98424.00,0.00,0.00,0.00,50326.00,48098.00,98424.00
HOBART,2021,3,76227.00,77215.00,153442.00,0.00,0.00,0.00,76227.00,77215.00,153442.00
HOBART,2021,4,93921.00,96316.00,190237.00,137.00,183.00,320.00,94058.00,96499.00,190557.00
HOBART,2021,5,74074.00,79535.00,153609.00,488.00,562.00,1050.00,74562.00,80097.00,154659.00
HOBART,2021,6,56217.00,52554.00,108771.00,689.00,702.00,1391.00,56906.00,53256.00,110162.00
HOBART,2021,7,38053.00,44465.00,82518.00,833.00,886.00,1719.00,38886.00,45351.00,84237.00
HOBART,2021,8,17404.00,18076.00,35480.00,0.00,0.00,0.00,17404.00,18076.00,35480.00
HOBART,2021,9,25466.00,24138.00,49604.00,0.00,0.00,0.00,25466.00,24138.00,49604.00
HOBART,2021,10,27175.00,26525.00,53700.00,0.00,0.00,0.00,27175.00,26525.00,53700.00
HOBART,2021,11,32624.00,32982.00,65606.00,0.00,0.00,0.00,32624.00,32982.00,65606.00
HOBART,2021,12,78179.00,61490.00,139669.00,0.00,0.00,0.00,78179.00,61490.00,139669.00
HOBART,2022,1,70894.00,85446.00,156340.00,0.00,0.00,0.00,70894.00,85446.00,156340.00
HOBART,2022,2,66138.00,64432.00,130570.00,0.00,0.00,0.00,66138.00,64432.00,130570.00
HOBART,2022,3,86896.00,89061.00,175957.00,0.00,0.00,0.00,86896.00,89061.00,175957.00
HOBART,2022,4,113765.00,118659.00,232424.00,0.00,0.00,0.00,113765.00,118659.00,232424.00
HOBART,2022,5,93746.00,96842.00,190588.00,0.00,0.00,0.00,93746.00,96842.00,190588.00
HOBART,2022,6,97517.00,93865.00,191382.00,0.00,0.00,0.00,97517.00,93865.00,191382.00
HOBART,2022,7,97861.00,105202.00,203063.00,753.00,716.00,1469.00,98614.00,105918.00,204532.00
HOBART,2022,8,85422.00,84173.00,169595.00,547.00,565.00,1112.00,85969.00,84738.00,170707.00
HOBART,2022,9,95823.00,90097.00,185920.00,947.00,904.00,1851.00,96770.00,91001.00,187771.00
HOBART,2022,10,103985.00,102869.00,206854.00,1508.00,1468.00,2976.00,105493.00,104337.00,209830.00
HOBART,2022,11,106859.00,106469.00,213328.00,1778.00,1801.00,3579.00,108637.00,108270.00,216907.00
HOBART,2022,12,123479.00,109511.00,232990.00,1730.00,1810.00,3540.00,125209.00,111321.00,236530.00
HOBART,2023,1,117108.00,131344.00,248452.00,2065.00,1997.00,4062.00,119173.00,133341.00,252514.00
HOBART,2023,2,106003.00,103872.00,209875.00,1576.00,1483.00,3059.00,107579.00,105355.00,212934.00
HOBART,2023,3,114440.00,117129.00,231569.00,1813.00,1830.00,3643.00,116253.00,118959.00,235212.00
HOBART,2023,4,105358.00,110247.00,215605.00,1788.00,1848.00,3636.00,107146.00,112095.00,219241.00
HOBART,2023,5,92852.00,97147.00,189999.00,905.00,965.00,1870.00,93757.00,98112.00,191869.00
HOBART,2023,6,98820.00,93843.00,192663.00,812.00,847.00,1659.00,99632.00,94690.00,194322.00
HOBART,2023,7,95521.00,102655.00,198176.00,808.00,873.00,1681.00,96329.00,103528.00,199857.00
HOBART,2023,8,92652.00,91560.00,184212.00,722.00,691.00,1413.00,93374.00,92251.00,185625.00
HOBART,2023,9,101661.00,96216.00,197877.00,907.00,889.00,1796.00,102568.00,97105.00,199673.00
HOBART,2023,10,112922.00,111912.00,224834.00,1328.00,1307.00,2635.00,114250.00,113219.00,227469.00
HOBART,2023,11,113296.00,111212.00,224508.00,1884.00,1970.00,3854.00,115180.00,113182.00,228362.00
HOBART,2023,12,139047.00,122697.00,261744.00,1297.00,1310.00,2607.00,140344.00,124007.00,264351.00
HOBART,2024,1,131225.00,145439.00,276664.00,1529.00,1606.00,3135.00,132754.00,147045.00,279799.00
HOBART,2024,2,117233.00,114579.00,231812.00,1944.00,1970.00,3914.00,119177.00,116549.00,235726.00
HOBART,2024,3,122225.00,121583.00,243808.00,1992.00,2175.00,4167.00,124217.00,123758.00,247975.00
HOBART,2024,4,110250.00,118400.00,228650.00,275.00,281.00,556.00,110525.00,118681.00,229206.00
HOBART,2024,5,93974.00,97700.00,191674.00,0.00,0.00,0.00,93974.00,97700.00,191674.00
HOBART,2024,6,95277.00,92438.00,187715.00,0.00,0.00,0.00,95277.00,92438.00,187715.00
HOBART,2024,7,105623.00,109924.00,215547.00,0.00,0.00,0.00,105623.00,109924.00,215547.00
HOBART,2024,8,99397.00,98490.00,197887.00,0.00,0.00,0.00,99397.00,98490.00,197887.00
HOBART,2024,9,105263.00,102317.00,207580.00,0.00,0.00,0.00,105263.00,102317.00,207580.00
HOBART,2024,10,118654.00,116355.00,235009.00,436.00,372.00,808.00,119090.00,116727.00,235817.00
HOBART,2024,11,121233.00,116850.00,238083.00,1836.00,1905.00,3741.00,123069.00,118755.00,241824.00
HOBART,2024,12,146168.00,128689.00,274857.00,2013.00,1958.00,3971.00,148181.00,130647.00,278828.00
HOBART,2025,1,145093.00,157739.00,302832.00,1873.00,1877.00,3750.00,146966.00,159616.00,306582.00
HOBART,2025,2,114691.00,113391.00,228082.00,1834.00,1735.00,3569.00,116525.00,115126.00,231651.00
HOBART,2025,3,121767.00,126492.00,248259.00,2129.00,2129.00,4258.00,123896.00,128621.00,252517.00
HOBART,2025,4,119004.00,123766.00,242770.00,0.00,0.00,0.00,119004.00,123766.00,242770.00
HOBART,2025,5,102922.00,105479.00,208401.00,0.00,0.00,0.00,102922.00,105479.00,208401.00
HOBART,2025,6,101892.00,100585.00,202477.00,0.00,0.00,0.00,101892.00,100585.00,202477.00
KARRATHA,2009,1,19832.00,15380.00,35212.00,0.00,0.00,0.00,19832.00,15380.00,35212.00
KARRATHA,2009,2,18104.00,18605.00,36709.00,0.00,0.00,0.00,18104.00,18605.00,36709.00
KARRATHA,2009,3,21324.00,19676.00,41000.00,0.00,0.00,0.00,21324.00,19676.00,41000.00
KARRATHA,2009,4,21474.00,21891.00,43365.00,0.00,0.00,0.00,21474.00,21891.00,43365.00
KARRATHA,2009,5,21794.00,22334.00,44128.00,0.00,0.00,0.00,21794.00,22334.00,44128.00
KARRATHA,2009,6,22665.00,22113.00,44778.00,0.00,0.00,0.00,22665.00,22113.00,44778.00
KARRATHA,2009,7,23748.00,24514.00,48262.00,0.00,0.00,0.00,23748.00,24514.00,48262.00
KARRATHA,2009,8,23605.00,23680.00,47285.00,0.00,0.00,0.00,23605.00,23680.00,47285.00
KARRATHA,2009,9,25126.00,25334.00,50460.00,0.00,0.00,0.00,25126.00,25334.00,50460.00
KARRATHA,2009,10,25428.00,26222.00,51650.00,0.00,0.00,0.00,25428.00,26222.00,51650.00
KARRATHA,2009,11,25346.00,24944.00,50290.00,0.00,0.00,0.00,25346.00,24944.00,50290.00
KARRATHA,2009,12,19846.00,26184.00,46030.00,0.00,0.00,0.00,19846.00,26184.00,46030.00
KARRATHA,2010,1,24349.00,19774.00,44123.00,0.00,0.00,0.00,24349.00,19774.00,44123.00
KARRATHA,2010,2,22216.00,22442.00,44658.00,0.00,0.00,0.00,22216.00,22442.00,44658.00
KARRATHA,2010,3,26812.00,26767.00,53579.00,0.00,0.00,0.00,26812.00,26767.00,53579.00
KARRATHA,2010,4,24569.00,24978.00,49547.00,0.00,0.00,0.00,24569.00,24978.00,49547.00
KARRATHA,2010,5,25101.00,25006.00,50107.00,0.00,0.00,0.00,25101.00,25006.00,50107.00
KARRATHA,2010,6,25089.00,26131.00,51220.00,0.00,0.00,0.00,25089.00,26131.00,51220.00
KARRATHA,2010,7,27369.00,28283.00,55652.00,0.00,0.00,0.00,27369.00,28283.00,55652.00
KARRATHA,2010,8,26944.00,27139.00,54083.00,0.00,0.00,0.00,26944.00,27139.00,54083.00
KARRATHA,2010,9,27025.00,28665.00,55690.00,0.00,0.00,0.00,27025.00,28665.00,55690.00
KARRATHA,2010,10,29327.00,29400.00,58727.00,0.00,0.00,0.00,29327.00,29400.00,58727.00
KARRATHA,2010,11,29171.00,28616.00,57787.00,0.00,0.00,0.00,29171.00,28616.00,57787.00
KARRATHA,2010,12,22220.00,31415.00,53635.00,0.00,0.00,0.00,22220.00,31415.00,53635.00
KARRATHA,2011,1,29255.00,21348.00,50603.00,0.00,0.00,0.00,29255.00,21348.00,50603.00
KARRATHA,2011,2,25213.00,24858.00,50071.00,0.00,0.00,0.00,25213.00,24858.00,50071.00
KARRATHA,2011,3,31078.00,29797.00,60875.00,0.00,0.00,0.00,31078.00,29797.00,60875.00
KARRATHA,2011,4,27897.00,29468.00,57365.00,0.00,0.00,0.00,27897.00,29468.00,57365.00
KARRATHA,2011,5,31295.00,30395.00,61690.00,0.00,0.00,0.00,31295.00,30395.00,61690.00
KARRATHA,2011,6,29391.00,29639.00,59030.00,0.00,0.00,0.00,29391.00,29639.00,59030.00
KARRATHA,2011,7,33496.00,34124.00,67620.00,0.00,0.00,0.00,33496.00,34124.00,67620.00
KARRATHA,2011,8,34720.00,34325.00,69045.00,0.00,0.00,0.00,34720.00,34325.00,69045.00
KARRATHA,2011,9,32822.00,34030.00,66852.00,0.00,0.00,0.00,32822.00,34030.00,66852.00
KARRATHA,2011,10,32702.00,32386.00,65088.00,0.00,0.00,0.00,32702.00,32386.00,65088.00
KARRATHA,2011,11,36031.00,34173.00,70204.00,0.00,0.00,0.00,36031.00,34173.00,70204.00
KARRATHA,2011,12,25815.00,36053.00,61868.00,0.00,0.00,0.00,25815.00,36053.00,61868.00
KARRATHA,2012,1,35138.00,26597.00,61735.00,0.00,0.00,0.00,35138.00,26597.00,61735.00
KARRATHA,2012,2,32776.00,31847.00,64623.00,0.00,0.00,0.00,32776.00,31847.00,64623.00
KARRATHA,2012,3,33169.00,34540.00,67709.00,0.00,0.00,0.00,33169.00,34540.00,67709.00
KARRATHA,2012,4,32696.00,32413.00,65109.00,0.00,0.00,0.00,32696.00,32413.00,65109.00
KARRATHA,2012,5,35798.00,35628.00,71426.00,0.00,0.00,0.00,35798.00,35628.00,71426.00
KARRATHA,2012,6,33144.00,33878.00,67022.00,0.00,0.00,0.00,33144.00,33878.00,67022.00
KARRATHA,2012,7,36532.00,35987.00,72519.00,0.00,0.00,0.00,36532.00,35987.00,72519.00
KARRATHA,2012,8,35698.00,37034.00,72732.00,0.00,0.00,0.00,35698.00,37034.00,72732.00
KARRATHA,2012,9,33535.00,34048.00,67583.00,0.00,0.00,0.00,33535.00,34048.00,67583.00
KARRATHA,2012,10,38291.00,37031.00,75322.00,0.00,0.00,0.00,38291.00,37031.00,75322.00
KARRATHA,2012,11,35586.00,35948.00,71534.00,0.00,0.00,0.00,35586.00,35948.00,71534.00
KARRATHA,2012,12,26940.00,34161.00,61101.00,0.00,0.00,0.00,26940.00,34161.00,61101.00
KARRATHA,2013,1,36313.00,28259.00,64572.00,0.00,0.00,0.00,36313.00,28259.00,64572.00
KARRATHA,2013,2,28156.00,28674.00,56830.00,0.00,0.00,0.00,28156.00,28674.00,56830.00
KARRATHA,2013,3,34364.00,33386.00,67750.00,0.00,0.00,0.00,34364.00,33386.00,67750.00
KARRATHA,2013,4,35446.00,34139.00,69585.00,0.00,0.00,0.00,35446.00,34139.00,69585.00
KARRATHA,2013,5,35926.00,36065.00,71991.00,0.00,0.00,0.00,35926.00,36065.00,71991.00
KARRATHA,2013,6,30804.00,33201.00,64005.00,0.00,0.00,0.00,30804.00,33201.00,64005.00
KARRATHA,2013,7,35629.00,34747.00,70376.00,0.00,0.00,0.00,35629.00,34747.00,70376.00
KARRATHA,2013,8,30780.00,32734.00,63514.00,0.00,0.00,0.00,30780.00,32734.00,63514.00
KARRATHA,2013,9,29965.00,30836.00,60801.00,0.00,0.00,0.00,29965.00,30836.00,60801.00
KARRATHA,2013,10,33486.00,32649.00,66135.00,0.00,0.00,0.00,33486.00,32649.00,66135.00
KARRATHA,2013,11,29816.00,30343.00,60159.00,0.00,0.00,0.00,29816.00,30343.00,60159.00
KARRATHA,2013,12,23416.00,31481.00,54897.00,0.00,0.00,0.00,23416.00,31481.00,54897.00
KARRATHA,2014,1,32683.00,25686.00,58369.00,0.00,0.00,0.00,32683.00,25686.00,58369.00
KARRATHA,2014,2,27868.00,27687.00,55555.00,0.00,0.00,0.00,27868.00,27687.00,55555.00
KARRATHA,2014,3,29871.00,29163.00,59034.00,0.00,0.00,0.00,29871.00,29163.00,59034.00
KARRATHA,2014,4,30455.00,29751.00,60206.00,0.00,0.00,0.00,30455.00,29751.00,60206.00
KARRATHA,2014,5,30029.00,31630.00,61659.00,0.00,0.00,0.00,30029.00,31630.00,61659.00
KARRATHA,2014,6,28853.00,28240.00,57093.00,0.00,0.00,0.00,28853.00,28240.00,57093.00
KARRATHA,2014,7,31443.00,31190.00,62633.00,0.00,0.00,0.00,31443.00,31190.00,62633.00
KARRATHA,2014,8,29933.00,30828.00,60761.00,0.00,0.00,0.00,29933.00,30828.00,60761.00
KARRATHA,2014,9,29929.00,30501.00,60430.00,0.00,0.00,0.00,29929.00,30501.00,60430.00
KARRATHA,2014,10,32016.00,32760.00,64776.00,0.00,0.00,0.00,32016.00,32760.00,64776.00
KARRATHA,2014,11,28528.00,28860.00,57388.00,0.00,0.00,0.00,28528.00,28860.00,57388.00
KARRATHA,2014,12,22578.00,29886.00,52464.00,0.00,0.00,0.00,22578.00,29886.00,52464.00
KARRATHA,2015,1,27371.00,21795.00,49166.00,0.00,0.00,0.00,27371.00,21795.00,49166.00
KARRATHA,2015,2,23907.00,24807.00,48714.00,0.00,0.00,0.00,23907.00,24807.00,48714.00
KARRATHA,2015,3,25836.00,25992.00,51828.00,0.00,0.00,0.00,25836.00,25992.00,51828.00
KARRATHA,2015,4,26116.00,26467.00,52583.00,0.00,0.00,0.00,26116.00,26467.00,52583.00
KARRATHA,2015,5,25042.00,25160.00,50202.00,0.00,0.00,0.00,25042.00,25160.00,50202.00
KARRATHA,2015,6,24647.00,25348.00,49995.00,0.00,0.00,0.00,24647.00,25348.00,49995.00
KARRATHA,2015,7,27639.00,27574.00,55213.00,0.00,0.00,0.00,27639.00,27574.00,55213.00
KARRATHA,2015,8,25386.00,24763.00,50149.00,0.00,0.00,0.00,25386.00,24763.00,50149.00
KARRATHA,2015,9,25376.00,26444.00,51820.00,0.00,0.00,0.00,25376.00,26444.00,51820.00
KARRATHA,2015,10,26024.00,25986.00,52010.00,0.00,0.00,0.00,26024.00,25986.00,52010.00
KARRATHA,2015,11,25465.00,24652.00,50117.00,0.00,0.00,0.00,25465.00,24652.00,50117.00
KARRATHA,2015,12,20550.00,25239.00,45789.00,0.00,0.00,0.00,20550.00,25239.00,45789.00
KARRATHA,2016,1,21683.00,18456.00,40139.00,0.00,0.00,0.00,21683.00,18456.00,40139.00
KARRATHA,2016,2,20037.00,19143.00,39180.00,0.00,0.00,0.00,20037.00,19143.00,39180.00
KARRATHA,2016,3,21020.00,21745.00,42765.00,0.00,0.00,0.00,21020.00,21745.00,42765.00
KARRATHA,2016,4,20794.00,21126.00,41920.00,0.00,0.00,0.00,20794.00,21126.00,41920.00
KARRATHA,2016,5,23696.00,22587.00,46283.00,0.00,0.00,0.00,23696.00,22587.00,46283.00
KARRATHA,2016,6,20235.00,21159.00,41394.00,0.00,0.00,0.00,20235.00,21159.00,41394.00
KARRATHA,2016,7,20847.00,20392.00,41239.00,0.00,0.00,0.00,20847.00,20392.00,41239.00
KARRATHA,2016,8,21137.00,20783.00,41920.00,0.00,0.00,0.00,21137.00,20783.00,41920.00
KARRATHA,2016,9,20716.00,20875.00,41591.00,0.00,0.00,0.00,20716.00,20875.00,41591.00
KARRATHA,2016,10,21361.00,19801.00,41162.00,0.00,0.00,0.00,21361.00,19801.00,41162.00
KARRATHA,2016,11,21485.00,20519.00,42004.00,0.00,0.00,0.00,21485.00,20519.00,42004.00
KARRATHA,2016,12,15435.00,19862.00,35297.00,0.00,0.00,0.00,15435.00,19862.00,35297.00
KARRATHA,2017,1,19267.00,15565.00,34832.00,0.00,0.00,0.00,19267.00,15565.00,34832.00
KARRATHA,2017,2,16771.00,16556.00,33327.00,0.00,0.00,0.00,16771.00,16556.00,33327.00
KARRATHA,2017,3,19207.00,19750.00,38957.00,0.00,0.00,0.00,19207.00,19750.00,38957.00
KARRATHA,2017,4,17755.00,17832.00,35587.00,0.00,0.00,0.00,17755.00,17832.00,35587.00
KARRATHA,2017,5,20502.00,19185.00,39687.00,0.00,0.00,0.00,20502.00,19185.00,39687.00
KARRATHA,2017,6,19009.00,19354.00,38363.00,0.00,0.00,0.00,19009.00,19354.00,38363.00
KARRATHA,2017,7,18287.00,18243.00,36530.00,0.00,0.00,0.00,18287.00,18243.00,36530.00
KARRATHA,2017,8,18683.00,18913.00,37596.00,0.00,0.00,0.00,18683.00,18913.00,37596.00
KARRATHA,2017,9,17037.00,18248.00,35285.00,0.00,0.00,0.00,17037.00,18248.00,35285.00
KARRATHA,2017,10,19576.00,18571.00,38147.00,0.00,0.00,0.00,19576.00,18571.00,38147.00
KARRATHA,2017,11,18517.00,19014.00,37531.00,0.00,0.00,0.00,18517.00,19014.00,37531.00
KARRATHA,2017,12,14755.00,18450.00,33205.00,0.00,0.00,0.00,14755.00,18450.00,33205.00
KARRATHA,2018,1,18381.00,15119.00,33500.00,0.00,0.00,0.00,18381.00,15119.00,33500.00
KARRATHA,2018,2,16207.00,16221.00,32428.00,0.00,0.00,0.00,16207.00,16221.00,32428.00
KARRATHA,2018,3,17697.00,18856.00,36553.00,0.00,0.00,0.00,17697.00,18856.00,36553.00
KARRATHA,2018,4,18165.00,17789.00,35954.00,0.00,0.00,0.00,18165.00,17789.00,35954.00
KARRATHA,2018,5,19779.00,19469.00,39248.00,0.00,0.00,0.00,19779.00,19469.00,39248.00
KARRATHA,2018,6,18066.00,18853.00,36919.00,0.00,0.00,0.00,18066.00,18853.00,36919.00
KARRATHA,2018,7,20535.00,19601.00,40136.00,0.00,0.00,0.00,20535.00,19601.00,40136.00
KARRATHA,2018,8,19304.00,20876.00,40180.00,0.00,0.00,0.00,19304.00,20876.00,40180.00
KARRATHA,2018,9,17771.00,18959.00,36730.00,0.00,0.00,0.00,17771.00,18959.00,36730.00
KARRATHA,2018,10,20349.00,19233.00,39582.00,0.00,0.00,0.00,20349.00,19233.00,39582.00
KARRATHA,2018,11,18693.00,19284.00,37977.00,0.00,0.00,0.00,18693.00,19284.00,37977.00
KARRATHA,2018,12,14547.00,17695.00,32242.00,0.00,0.00,0.00,14547.00,17695.00,32242.00
KARRATHA,2019,1,19400.00,16331.00,35731.00,0.00,0.00,0.00,19400.00,16331.00,35731.00
KARRATHA,2019,2,16700.00,17111.00,33811.00,0.00,0.00,0.00,16700.00,17111.00,33811.00
KARRATHA,2019,3,17479.00,17698.00,35177.00,0.00,0.00,0.00,17479.00,17698.00,35177.00
KARRATHA,2019,4,20502.00,19057.00,39559.00,0.00,0.00,0.00,20502.00,19057.00,39559.00
KARRATHA,2019,5,19119.00,20624.00,39743.00,0.00,0.00,0.00,19119.00,20624.00,39743.00
KARRATHA,2019,6,18533.00,18505.00,37038.00,0.00,0.00,0.00,18533.00,18505.00,37038.00
KARRATHA,2019,7,21722.00,20762.00,42484.00,0.00,0.00,0.00,21722.00,20762.00,42484.00
KARRATHA,2019,8,19737.00,21258.00,40995.00,0.00,0.00,0.00,19737.00,21258.00,40995.00
KARRATHA,2019,9,20725.00,21035.00,41760.00,0.00,0.00,0.00,20725.00,21035.00,41760.00
KARRATHA,2019,10,21900.00,21470.00,43370.00,0.00,0.00,0.00,21900.00,21470.00,43370.00
KARRATHA,2019,11,20063.00,20591.00,40654.00,0.00,0.00,0.00,20063.00,20591.00,40654.00
KARRATHA,2019,12,16792.00,20784.00,37576.00,0.00,0.00,0.00,16792.00,20784.00,37576.00
KARRATHA,2020,1,21219.00,17595.00,38814.00,0.00,0.00,0.00,21219.00,17595.00,38814.00
KARRATHA,2020,2,17774.00,17772.00,35546.00,0.00,0.00,0.00,17774.00,17772.00,35546.00
KARRATHA,2020,3,13511.00,14175.00,27686.00,0.00,0.00,0.00,13511.00,14175.00,27686.00
KARRATHA,2020,4,1530.00,1737.00,3267.00,0.00,0.00,0.00,1530.00,1737.00,3267.00
KARRATHA,2020,5,1356.00,1295.00,2651.00,0.00,0.00,0.00,1356.00,1295.00,2651.00
KARRATHA,2020,6,3414.00,3651.00,7065.00,0.00,0.00,0.00,3414.00,3651.00,7065.00
KARRATHA,2020,7,7827.00,8130.00,15957.00,0.00,0.00,0.00,7827.00,8130.00,15957.00
KARRATHA,2020,8,10688.00,9863.00,20551.00,0.00,0.00,0.00,10688.00,9863.00,20551.00
KARRATHA,2020,9,14534.00,15897.00,30431.00,0.00,0.00,0.00,14534.00,15897.00,30431.00
KARRATHA,2020,10,15131.00,16649.00,31780.00,0.00,0.00,0.00,15131.00,16649.00,31780.00
KARRATHA,2020,11,15377.00,14915.00,30292.00,0.00,0.00,0.00,15377.00,14915.00,30292.00
KARRATHA,2020,12,12869.00,16262.00,29131.00,0.00,0.00,0.00,12869.00,16262.00,29131.00
KARRATHA,2021,1,14342.00,12861.00,27203.00,0.00,0.00,0.00,14342.00,12861.00,27203.00
KARRATHA,2021,2,10817.00,10429.00,21246.00,0.00,0.00,0.00,10817.00,10429.00,21246.00
KARRATHA,2021,3,17276.00,17120.00,34396.00,0.00,0.00,0.00,17276.00,17120.00,34396.00
KARRATHA,2021,4,16465.00,16259.00,32724.00,0.00,0.00,0.00,16465.00,16259.00,32724.00
KARRATHA,2021,5,18338.00,17735.00,36073.00,0.00,0.00,0.00,18338.00,17735.00,36073.00
KARRATHA,2021,6,18619.00,18578.00,37197.00,0.00,0.00,0.00,18619.00,18578.00,37197.00
KARRATHA,2021,7,18163.00,19152.00,37315.00,0.00,0.00,0.00,18163.00,19152.00,37315.00
KARRATHA,2021,8,19918.00,19057.00,38975.00,0.00,0.00,0.00,19918.00,19057.00,38975.00
KARRATHA,2021,9,19629.00,21612.00,41241.00,0.00,0.00,0.00,19629.00,21612.00,41241.00
KARRATHA,2021,10,20141.00,20175.00,40316.00,0.00,0.00,0.00,20141.00,20175.00,40316.00
KARRATHA,2021,11,20455.00,20392.00,40847.00,0.00,0.00,0.00,20455.00,20392.00,40847.00
KARRATHA,2021,12,15836.00,19532.00,35368.00,0.00,0.00,0.00,15836.00,19532.00,35368.00
KARRATHA,2022,1,17716.00,14557.00,32273.00,0.00,0.00,0.00,17716.00,14557.00,32273.00
KARRATHA,2022,2,15234.00,15558.00,30792.00,0.00,0.00,0.00,15234.00,15558.00,30792.00
KARRATHA,2022,3,18011.00,18331.00,36342.00,0.00,0.00,0.00,18011.00,18331.00,36342.00
KARRATHA,2022,4,19106.00,18921.00,38027.00,0.00,0.00,0.00,19106.00,18921.00,38027.00
KARRATHA,2022,5,20102.00,20666.00,40768.00,0.00,0.00,0.00,20102.00,20666.00,40768.00
KARRATHA,2022,6,22178.00,22418.00,44596.00,0.00,0.00,0.00,22178.00,22418.00,44596.00
KARRATHA,2022,7,22417.00,22435.00,44852.00,0.00,0.00,0.00,22417.00,22435.00,44852.00
KARRATHA,2022,8,24231.00,24582.00,48813.00,0.00,0.00,0.00,24231.00,24582.00,48813.00
KARRATHA,2022,9,22097.00,23867.00,45964.00,0.00,0.00,0.00,22097.00,23867.00,45964.00
KARRATHA,2022,10,23665.00,22626.00,46291.00,0.00,0.00,0.00,23665.00,22626.00,46291.00
KARRATHA,2022,11,23203.00,23462.00,46665.00,0.00,0.00,0.00,23203.00,23462.00,46665.00
KARRATHA,2022,12,16595.00,22025.00,38620.00,0.00,0.00,0.00,16595.00,22025.00,38620.00
KARRATHA,2023,1,21993.00,17416.00,39409.00,0.00,0.00,0.00,21993.00,17416.00,39409.00
KARRATHA,2023,2,19746.00,19880.00,39626.00,0.00,0.00,0.00,19746.00,19880.00,39626.00
KARRATHA,2023,3,22296.00,23103.00,45399.00,0.00,0.00,0.00,22296.00,23103.00,45399.00
KARRATHA,2023,4,20923.00,20892.00,41815.00,0.00,0.00,0.00,20923.00,20892.00,41815.00
KARRATHA,2023,5,24409.00,23182.00,47591.00,0.00,0.00,0.00,24409.00,23182.00,47591.00
KARRATHA,2023,6,22882.00,23806.00,46688.00,0.00,0.00,0.00,22882.00,23806.00,46688.00
KARRATHA,2023,7,23656.00,23968.00,47624.00,0.00,0.00,0.00,23656.00,23968.00,47624.00
KARRATHA,2023,8,24946.00,25080.00,50026.00,0.00,0.00,0.00,24946.00,25080.00,50026.00
KARRATHA,2023,9,22499.00,24610.00,47109.00,0.00,0.00,0.00,22499.00,24610.00,47109.00
KARRATHA,2023,10,25498.00,24074.00,49572.00,0.00,0.00,0.00,25498.00,24074.00,49572.00
KARRATHA,2023,11,24535.00,25294.00,49829.00,0.00,0.00,0.00,24535.00,25294.00,49829.00
KARRATHA,2023,12,18700.00,23692.00,42392.00,0.00,0.00,0.00,18700.00,23692.00,42392.00
KARRATHA,2024,1,25231.00,20180.00,45411.00,0.00,0.00,0.00,25231.00,20180.00,45411.00
KARRATHA,2024,2,21322.00,22170.00,43492.00,0.00,0.00,0.00,21322.00,22170.00,43492.00
KARRATHA,2024,3,24072.00,24751.00,48823.00,0.00,0.00,0.00,24072.00,24751.00,48823.00
KARRATHA,2024,4,25844.00,23824.00,49668.00,0.00,0.00,0.00,25844.00,23824.00,49668.00
KARRATHA,2024,5,25793.00,27403.00,53196.00,0.00,0.00,0.00,25793.00,27403.00,53196.00
KARRATHA,2024,6,25398.00,25543.00,50941.00,0.00,0.00,0.00,25398.00,25543.00,50941.00
KARRATHA,2024,7,29809.00,28600.00,58409.00,0.00,0.00,0.00,29809.00,28600.00,58409.00
KARRATHA,2024,8,27145.00,27957.00,55102.00,0.00,0.00,0.00,27145.00,27957.00,55102.00
KARRATHA,2024,9,25989.00,27082.00,53071.00,0.00,0.00,0.00,25989.00,27082.00,53071.00
KARRATHA,2024,10,29045.00,28082.00,57127.00,0.00,0.00,0.00,29045.00,28082.00,57127.00
KARRATHA,2024,11,26869.00,27481.00,54350.00,0.00,0.00,0.00,26869.00,27481.00,54350.00
KARRATHA,2024,12,20213.00,25624.00,45837.00,0.00,0.00,0.00,20213.00,25624.00,45837.00
KARRATHA,2025,1,26075.00,21784.00,47859.00,0.00,0.00,0.00,26075.00,21784.00,47859.00
KARRATHA,2025,2,24143.00,24834.00,48977.00,0.00,0.00,0.00,24143.00,24834.00,48977.00
KARRATHA,2025,3,27744.00,26873.00,54617.00,0.00,0.00,0.00,27744.00,26873.00,54617.00
KARRATHA,2025,4,29033.00,29023.00,58056.00,0.00,0.00,0.00,29033.00,29023.00,58056.00
KARRATHA,2025,5,28977.00,29912.00,58889.00,0.00,0.00,0.00,28977.00,29912.00,58889.00
KARRATHA,2025,6,29828.00,30012.00,59840.00,0.00,0.00,0.00,29828.00,30012.00,59840.00
LAUNCESTON,2009,1,53276.00,56926.00,110202.00,0.00,0.00,0.00,53276.00,56926.00,110202.00
LAUNCESTON,2009,2,47357.00,45645.00,93002.00,0.00,0.00,0.00,47357.00,45645.00,93002.00
LAUNCESTON,2009,3,52117.00,53080.00,105197.00,0.00,0.00,0.00,52117.00,53080.00,105197.00
LAUNCESTON,2009,4,48103.00,49058.00,97161.00,0.00,0.00,0.00,48103.00,49058.00,97161.00
LAUNCESTON,2009,5,43724.00,46111.00,89835.00,0.00,0.00,0.00,43724.00,46111.00,89835.00
LAUNCESTON,2009,6,43558.00,41178.00,84736.00,0.00,0.00,0.00,43558.00,41178.00,84736.00
LAUNCESTON,2009,7,43009.00,45005.00,88014.00,0.00,0.00,0.00,43009.00,45005.00,88014.00
LAUNCESTON,2009,8,44205.00,44814.00,89019.00,0.00,0.00,0.00,44205.00,44814.00,89019.00
LAUNCESTON,2009,9,47148.00,44062.00,91210.00,0.00,0.00,0.00,47148.00,44062.00,91210.00
LAUNCESTON,2009,10,47088.00,47112.00,94200.00,0.00,0.00,0.00,47088.00,47112.00,94200.00
LAUNCESTON,2009,11,47334.00,47558.00,94892.00,0.00,0.00,0.00,47334.00,47558.00,94892.00
LAUNCESTON,2009,12,51720.00,47186.00,98906.00,0.00,0.00,0.00,51720.00,47186.00,98906.00
LAUNCESTON,2010,1,50233.00,55774.00,106007.00,0.00,0.00,0.00,50233.00,55774.00,106007.00
LAUNCESTON,2010,2,47867.00,46638.00,94505.00,0.00,0.00,0.00,47867.00,46638.00,94505.00
LAUNCESTON,2010,3,49830.00,50951.00,100781.00,0.00,0.00,0.00,49830.00,50951.00,100781.00
LAUNCESTON,2010,4,49145.00,50974.00,100119.00,0.00,0.00,0.00,49145.00,50974.00,100119.00
LAUNCESTON,2010,5,42635.00,45994.00,88629.00,0.00,0.00,0.00,42635.00,45994.00,88629.00
LAUNCESTON,2010,6,43695.00,41349.00,85044.00,0.00,0.00,0.00,43695.00,41349.00,85044.00
LAUNCESTON,2010,7,43396.00,45798.00,89194.00,0.00,0.00,0.00,43396.00,45798.00,89194.00
LAUNCESTON,2010,8,44292.00,44645.00,88937.00,0.00,0.00,0.00,44292.00,44645.00,88937.00
LAUNCESTON,2010,9,48145.00,43768.00,91913.00,0.00,0.00,0.00,48145.00,43768.00,91913.00
LAUNCESTON,2010,10,48334.00,49055.00,97389.00,0.00,0.00,0.00,48334.00,49055.00,97389.00
LAUNCESTON,2010,11,48816.00,48567.00,97383.00,0.00,0.00,0.00,48816.00,48567.00,97383.00
LAUNCESTON,2010,12,63578.00,54488.00,118066.00,0.00,0.00,0.00,63578.00,54488.00,118066.00
LAUNCESTON,2011,1,53384.00,62199.00,115583.00,0.00,0.00,0.00,53384.00,62199.00,115583.00
LAUNCESTON,2011,2,48468.00,46666.00,95134.00,0.00,0.00,0.00,48468.00,46666.00,95134.00
LAUNCESTON,2011,3,52074.00,54657.00,106731.00,0.00,0.00,0.00,52074.00,54657.00,106731.00
LAUNCESTON,2011,4,48024.00,48508.00,96532.00,0.00,0.00,0.00,48024.00,48508.00,96532.00
LAUNCESTON,2011,5,41123.00,44856.00,85979.00,0.00,0.00,0.00,41123.00,44856.00,85979.00
LAUNCESTON,2011,6,37192.00,36323.00,73515.00,0.00,0.00,0.00,37192.00,36323.00,73515.00
LAUNCESTON,2011,7,41920.00,42708.00,84628.00,0.00,0.00,0.00,41920.00,42708.00,84628.00
LAUNCESTON,2011,8,41809.00,43353.00,85162.00,0.00,0.00,0.00,41809.00,43353.00,85162.00
LAUNCESTON,2011,9,46117.00,40861.00,86978.00,0.00,0.00,0.00,46117.00,40861.00,86978.00
LAUNCESTON,2011,10,45806.00,45459.00,91265.00,0.00,0.00,0.00,45806.00,45459.00,91265.00
LAUNCESTON,2011,11,48217.00,48249.00,96466.00,0.00,0.00,0.00,48217.00,48249.00,96466.00
LAUNCESTON,2011,12,59112.00,48529.00,107641.00,0.00,0.00,0.00,59112.00,48529.00,107641.00
LAUNCESTON,2012,1,51723.00,62066.00,113789.00,0.00,0.00,0.00,51723.00,62066.00,113789.00
LAUNCESTON,2012,2,47758.00,45556.00,93314.00,0.00,0.00,0.00,47758.00,45556.00,93314.00
LAUNCESTON,2012,3,49930.00,51415.00,101345.00,0.00,0.00,0.00,49930.00,51415.00,101345.00
LAUNCESTON,2012,4,47943.00,49440.00,97383.00,0.00,0.00,0.00,47943.00,49440.00,97383.00
LAUNCESTON,2012,5,40869.00,46309.00,87178.00,0.00,0.00,0.00,40869.00,46309.00,87178.00
LAUNCESTON,2012,6,43447.00,41580.00,85027.00,0.00,0.00,0.00,43447.00,41580.00,85027.00
LAUNCESTON,2012,7,41448.00,42325.00,83773.00,0.00,0.00,0.00,41448.00,42325.00,83773.00
LAUNCESTON,2012,8,43558.00,44731.00,88289.00,0.00,0.00,0.00,43558.00,44731.00,88289.00
LAUNCESTON,2012,9,51735.00,45363.00,97098.00,0.00,0.00,0.00,51735.00,45363.00,97098.00
LAUNCESTON,2012,10,48500.00,50236.00,98736.00,0.00,0.00,0.00,48500.00,50236.00,98736.00
LAUNCESTON,2012,11,54220.00,53079.00,107299.00,0.00,0.00,0.00,54220.00,53079.00,107299.00
LAUNCESTON,2012,12,64723.00,54319.00,119042.00,0.00,0.00,0.00,64723.00,54319.00,119042.00
LAUNCESTON,2013,1,59195.00,68212.00,127407.00,0.00,0.00,0.00,59195.00,68212.00,127407.00
LAUNCESTON,2013,2,51614.00,49824.00,101438.00,0.00,0.00,0.00,51614.00,49824.00,101438.00
LAUNCESTON,2013,3,58097.00,57203.00,115300.00,0.00,0.00,0.00,58097.00,57203.00,115300.00
LAUNCESTON,2013,4,53606.00,58484.00,112090.00,0.00,0.00,0.00,53606.00,58484.00,112090.00
LAUNCESTON,2013,5,44115.00,45232.00,89347.00,0.00,0.00,0.00,44115.00,45232.00,89347.00
LAUNCESTON,2013,6,42376.00,40518.00,82894.00,0.00,0.00,0.00,42376.00,40518.00,82894.00
LAUNCESTON,2013,7,48884.00,51918.00,100802.00,0.00,0.00,0.00,48884.00,51918.00,100802.00
LAUNCESTON,2013,8,47701.00,46349.00,94050.00,0.00,0.00,0.00,47701.00,46349.00,94050.00
LAUNCESTON,2013,9,46688.00,46155.00,92843.00,0.00,0.00,0.00,46688.00,46155.00,92843.00
LAUNCESTON,2013,10,56585.00,53950.00,110535.00,0.00,0.00,0.00,56585.00,53950.00,110535.00
LAUNCESTON,2013,11,52468.00,51856.00,104324.00,0.00,0.00,0.00,52468.00,51856.00,104324.00
LAUNCESTON,2013,12,67666.00,58449.00,126115.00,0.00,0.00,0.00,67666.00,58449.00,126115.00
LAUNCESTON,2014,1,63827.00,71154.00,134981.00,0.00,0.00,0.00,63827.00,71154.00,134981.00
LAUNCESTON,2014,2,52717.00,51591.00,104308.00,0.00,0.00,0.00,52717.00,51591.00,104308.00
LAUNCESTON,2014,3,57992.00,59751.00,117743.00,0.00,0.00,0.00,57992.00,59751.00,117743.00
LAUNCESTON,2014,4,53633.00,57336.00,110969.00,0.00,0.00,0.00,53633.00,57336.00,110969.00
LAUNCESTON,2014,5,47347.00,48323.00,95670.00,0.00,0.00,0.00,47347.00,48323.00,95670.00
LAUNCESTON,2014,6,47550.00,46394.00,93944.00,0.00,0.00,0.00,47550.00,46394.00,93944.00
LAUNCESTON,2014,7,47391.00,49829.00,97220.00,0.00,0.00,0.00,47391.00,49829.00,97220.00
LAUNCESTON,2014,8,44931.00,45508.00,90439.00,0.00,0.00,0.00,44931.00,45508.00,90439.00
LAUNCESTON,2014,9,48691.00,46829.00,95520.00,0.00,0.00,0.00,48691.00,46829.00,95520.00
LAUNCESTON,2014,10,55493.00,54135.00,109628.00,0.00,0.00,0.00,55493.00,54135.00,109628.00
LAUNCESTON,2014,11,56824.00,54527.00,111351.00,0.00,0.00,0.00,56824.00,54527.00,111351.00
LAUNCESTON,2014,12,67721.00,59688.00,127409.00,0.00,0.00,0.00,67721.00,59688.00,127409.00
LAUNCESTON,2015,1,61786.00,69331.00,131117.00,0.00,0.00,0.00,61786.00,69331.00,131117.00
LAUNCESTON,2015,2,53435.00,51643.00,105078.00,0.00,0.00,0.00,53435.00,51643.00,105078.00
LAUNCESTON,2015,3,57484.00,59583.00,117067.00,0.00,0.00,0.00,57484.00,59583.00,117067.00
LAUNCESTON,2015,4,52216.00,55380.00,107596.00,0.00,0.00,0.00,52216.00,55380.00,107596.00
LAUNCESTON,2015,5,46677.00,48225.00,94902.00,0.00,0.00,0.00,46677.00,48225.00,94902.00
LAUNCESTON,2015,6,42671.00,42200.00,84871.00,0.00,0.00,0.00,42671.00,42200.00,84871.00
LAUNCESTON,2015,7,49223.00,51910.00,101133.00,0.00,0.00,0.00,49223.00,51910.00,101133.00
LAUNCESTON,2015,8,46105.00,45411.00,91516.00,0.00,0.00,0.00,46105.00,45411.00,91516.00
LAUNCESTON,2015,9,47215.00,46412.00,93627.00,0.00,0.00,0.00,47215.00,46412.00,93627.00
LAUNCESTON,2015,10,56542.00,53452.00,109994.00,0.00,0.00,0.00,56542.00,53452.00,109994.00
LAUNCESTON,2015,11,58767.00,57575.00,116342.00,0.00,0.00,0.00,58767.00,57575.00,116342.00
LAUNCESTON,2015,12,70521.00,62644.00,133165.00,0.00,0.00,0.00,70521.00,62644.00,133165.00
LAUNCESTON,2016,1,63517.00,72206.00,135723.00,0.00,0.00,0.00,63517.00,72206.00,135723.00
LAUNCESTON,2016,2,57729.00,56406.00,114135.00,0.00,0.00,0.00,57729.00,56406.00,114135.00
LAUNCESTON,2016,3,61282.00,61169.00,122451.00,0.00,0.00,0.00,61282.00,61169.00,122451.00
LAUNCESTON,2016,4,54996.00,60277.00,115273.00,0.00,0.00,0.00,54996.00,60277.00,115273.00
LAUNCESTON,2016,5,47415.00,49237.00,96652.00,0.00,0.00,0.00,47415.00,49237.00,96652.00
LAUNCESTON,2016,6,45377.00,45564.00,90941.00,0.00,0.00,0.00,45377.00,45564.00,90941.00
LAUNCESTON,2016,7,53340.00,54414.00,107754.00,0.00,0.00,0.00,53340.00,54414.00,107754.00
LAUNCESTON,2016,8,44702.00,44901.00,89603.00,0.00,0.00,0.00,44702.00,44901.00,89603.00
LAUNCESTON,2016,9,50064.00,48950.00,99014.00,0.00,0.00,0.00,50064.00,48950.00,99014.00
LAUNCESTON,2016,10,55946.00,52152.00,108098.00,0.00,0.00,0.00,55946.00,52152.00,108098.00
LAUNCESTON,2016,11,58326.00,56791.00,115117.00,0.00,0.00,0.00,58326.00,56791.00,115117.00
LAUNCESTON,2016,12,72849.00,63415.00,136264.00,0.00,0.00,0.00,72849.00,63415.00,136264.00
LAUNCESTON,2017,1,67589.00,75597.00,143186.00,0.00,0.00,0.00,67589.00,75597.00,143186.00
LAUNCESTON,2017,2,57412.00,56874.00,114286.00,0.00,0.00,0.00,57412.00,56874.00,114286.00
LAUNCESTON,2017,3,59033.00,61568.00,120601.00,0.00,0.00,0.00,59033.00,61568.00,120601.00
LAUNCESTON,2017,4,58771.00,60217.00,118988.00,0.00,0.00,0.00,58771.00,60217.00,118988.00
LAUNCESTON,2017,5,46056.00,48246.00,94302.00,0.00,0.00,0.00,46056.00,48246.00,94302.00
LAUNCESTON,2017,6,44164.00,43756.00,87920.00,0.00,0.00,0.00,44164.00,43756.00,87920.00
LAUNCESTON,2017,7,51577.00,53418.00,104995.00,0.00,0.00,0.00,51577.00,53418.00,104995.00
LAUNCESTON,2017,8,45214.00,44862.00,90076.00,0.00,0.00,0.00,45214.00,44862.00,90076.00
LAUNCESTON,2017,9,50483.00,48160.00,98643.00,0.00,0.00,0.00,50483.00,48160.00,98643.00
LAUNCESTON,2017,10,55395.00,55407.00,110802.00,0.00,0.00,0.00,55395.00,55407.00,110802.00
LAUNCESTON,2017,11,59175.00,58036.00,117211.00,0.00,0.00,0.00,59175.00,58036.00,117211.00
LAUNCESTON,2017,12,75367.00,64845.00,140212.00,0.00,0.00,0.00,75367.00,64845.00,140212.00
LAUNCESTON,2018,1,68889.00,78405.00,147294.00,0.00,0.00,0.00,68889.00,78405.00,147294.00
LAUNCESTON,2018,2,57763.00,56071.00,113834.00,0.00,0.00,0.00,57763.00,56071.00,113834.00
LAUNCESTON,2018,3,65920.00,66465.00,132385.00,0.00,0.00,0.00,65920.00,66465.00,132385.00
LAUNCESTON,2018,4,59241.00,63764.00,123005.00,0.00,0.00,0.00,59241.00,63764.00,123005.00
LAUNCESTON,2018,5,45400.00,47383.00,92783.00,0.00,0.00,0.00,45400.00,47383.00,92783.00
LAUNCESTON,2018,6,45514.00,45946.00,91460.00,0.00,0.00,0.00,45514.00,45946.00,91460.00
LAUNCESTON,2018,7,56721.00,58072.00,114793.00,0.00,0.00,0.00,56721.00,58072.00,114793.00
LAUNCESTON,2018,8,47423.00,47206.00,94629.00,0.00,0.00,0.00,47423.00,47206.00,94629.00
LAUNCESTON,2018,9,51454.00,49146.00,100600.00,0.00,0.00,0.00,51454.00,49146.00,100600.00
LAUNCESTON,2018,10,57836.00,57111.00,114947.00,0.00,0.00,0.00,57836.00,57111.00,114947.00
LAUNCESTON,2018,11,58989.00,58231.00,117220.00,0.00,0.00,0.00,58989.00,58231.00,117220.00
LAUNCESTON,2018,12,73906.00,64885.00,138791.00,0.00,0.00,0.00,73906.00,64885.00,138791.00
LAUNCESTON,2019,1,70824.00,79017.00,149841.00,0.00,0.00,0.00,70824.00,79017.00,149841.00
LAUNCESTON,2019,2,58763.00,58499.00,117262.00,0.00,0.00,0.00,58763.00,58499.00,117262.00
LAUNCESTON,2019,3,61397.00,64660.00,126057.00,0.00,0.00,0.00,61397.00,64660.00,126057.00
LAUNCESTON,2019,4,63263.00,65723.00,128986.00,0.00,0.00,0.00,63263.00,65723.00,128986.00
LAUNCESTON,2019,5,46938.00,49185.00,96123.00,0.00,0.00,0.00,46938.00,49185.00,96123.00
LAUNCESTON,2019,6,45516.00,45744.00,91260.00,0.00,0.00,0.00,45516.00,45744.00,91260.00
LAUNCESTON,2019,7,56217.00,56811.00,113028.00,0.00,0.00,0.00,56217.00,56811.00,113028.00
LAUNCESTON,2019,8,46984.00,48107.00,95091.00,0.00,0.00,0.00,46984.00,48107.00,95091.00
LAUNCESTON,2019,9,52095.00,49663.00,101758.00,0.00,0.00,0.00,52095.00,49663.00,101758.00
LAUNCESTON,2019,10,58756.00,57738.00,116494.00,0.00,0.00,0.00,58756.00,57738.00,116494.00
LAUNCESTON,2019,11,60389.00,59006.00,119395.00,0.00,0.00,0.00,60389.00,59006.00,119395.00
LAUNCESTON,2019,12,74773.00,65236.00,140009.00,0.00,0.00,0.00,74773.00,65236.00,140009.00
LAUNCESTON,2020,1,68722.00,77376.00,146098.00,0.00,0.00,0.00,68722.00,77376.00,146098.00
LAUNCESTON,2020,2,56306.00,55972.00,112278.00,0.00,0.00,0.00,56306.00,55972.00,112278.00
LAUNCESTON,2020,3,36699.00,39219.00,75918.00,0.00,0.00,0.00,36699.00,39219.00,75918.00
LAUNCESTON,2020,4,301.00,475.00,776.00,0.00,0.00,0.00,301.00,475.00,776.00
LAUNCESTON,2020,5,348.00,362.00,710.00,0.00,0.00,0.00,348.00,362.00,710.00
LAUNCESTON,2020,6,994.00,1097.00,2091.00,0.00,0.00,0.00,994.00,1097.00,2091.00
LAUNCESTON,2020,7,2039.00,2584.00,4623.00,0.00,0.00,0.00,2039.00,2584.00,4623.00
LAUNCESTON,2020,8,1958.00,1949.00,3907.00,0.00,0.00,0.00,1958.00,1949.00,3907.00
LAUNCESTON,2020,9,2189.00,2270.00,4459.00,0.00,0.00,0.00,2189.00,2270.00,4459.00
LAUNCESTON,2020,10,3012.00,3295.00,6307.00,0.00,0.00,0.00,3012.00,3295.00,6307.00
LAUNCESTON,2020,11,12199.00,10832.00,23031.00,0.00,0.00,0.00,12199.00,10832.00,23031.00
LAUNCESTON,2020,12,39377.00,32862.00,72239.00,0.00,0.00,0.00,39377.00,32862.00,72239.00
LAUNCESTON,2021,1,30884.00,35633.00,66517.00,0.00,0.00,0.00,30884.00,35633.00,66517.00
LAUNCESTON,2021,2,25746.00,24783.00,50529.00,0.00,0.00,0.00,25746.00,24783.00,50529.00
LAUNCESTON,2021,3,41676.00,40711.00,82387.00,0.00,0.00,0.00,41676.00,40711.00,82387.00
LAUNCESTON,2021,4,52434.00,54389.00,106823.00,0.00,0.00,0.00,52434.00,54389.00,106823.00
LAUNCESTON,2021,5,37123.00,39118.00,76241.00,0.00,0.00,0.00,37123.00,39118.00,76241.00
LAUNCESTON,2021,6,22667.00,20028.00,42695.00,0.00,0.00,0.00,22667.00,20028.00,42695.00
LAUNCESTON,2021,7,17484.00,20248.00,37732.00,0.00,0.00,0.00,17484.00,20248.00,37732.00
LAUNCESTON,2021,8,5689.00,5261.00,10950.00,0.00,0.00,0.00,5689.00,5261.00,10950.00
LAUNCESTON,2021,9,9837.00,9622.00,19459.00,0.00,0.00,0.00,9837.00,9622.00,19459.00
LAUNCESTON,2021,10,11763.00,12018.00,23781.00,0.00,0.00,0.00,11763.00,12018.00,23781.00
LAUNCESTON,2021,11,15215.00,14125.00,29340.00,0.00,0.00,0.00,15215.00,14125.00,29340.00
LAUNCESTON,2021,12,43457.00,32543.00,76000.00,0.00,0.00,0.00,43457.00,32543.00,76000.00
LAUNCESTON,2022,1,36769.00,43049.00,79818.00,0.00,0.00,0.00,36769.00,43049.00,79818.00
LAUNCESTON,2022,2,33632.00,32485.00,66117.00,0.00,0.00,0.00,33632.00,32485.00,66117.00
LAUNCESTON,2022,3,44856.00,45684.00,90540.00,0.00,0.00,0.00,44856.00,45684.00,90540.00
LAUNCESTON,2022,4,59180.00,61264.00,120444.00,0.00,0.00,0.00,59180.00,61264.00,120444.00
LAUNCESTON,2022,5,46127.00,48106.00,94233.00,0.00,0.00,0.00,46127.00,48106.00,94233.00
LAUNCESTON,2022,6,48324.00,46338.00,94662.00,0.00,0.00,0.00,48324.00,46338.00,94662.00
LAUNCESTON,2022,7,49150.00,53985.00,103135.00,0.00,0.00,0.00,49150.00,53985.00,103135.00
LAUNCESTON,2022,8,42551.00,41525.00,84076.00,0.00,0.00,0.00,42551.00,41525.00,84076.00
LAUNCESTON,2022,9,47310.00,45217.00,92527.00,0.00,0.00,0.00,47310.00,45217.00,92527.00
LAUNCESTON,2022,10,54641.00,53629.00,108270.00,0.00,0.00,0.00,54641.00,53629.00,108270.00
LAUNCESTON,2022,11,54272.00,52480.00,106752.00,0.00,0.00,0.00,54272.00,52480.00,106752.00
LAUNCESTON,2022,12,66830.00,58410.00,125240.00,0.00,0.00,0.00,66830.00,58410.00,125240.00
LAUNCESTON,2023,1,64841.00,72368.00,137209.00,0.00,0.00,0.00,64841.00,72368.00,137209.00
LAUNCESTON,2023,2,53698.00,53043.00,106741.00,0.00,0.00,0.00,53698.00,53043.00,106741.00
LAUNCESTON,2023,3,61444.00,62794.00,124238.00,0.00,0.00,0.00,61444.00,62794.00,124238.00
LAUNCESTON,2023,4,58683.00,61547.00,120230.00,0.00,0.00,0.00,58683.00,61547.00,120230.00
LAUNCESTON,2023,5,46254.00,48868.00,95122.00,0.00,0.00,0.00,46254.00,48868.00,95122.00
LAUNCESTON,2023,6,45907.00,44530.00,90437.00,0.00,0.00,0.00,45907.00,44530.00,90437.00
LAUNCESTON,2023,7,50137.00,53942.00,104079.00,0.00,0.00,0.00,50137.00,53942.00,104079.00
LAUNCESTON,2023,8,49495.00,49486.00,98981.00,0.00,0.00,0.00,49495.00,49486.00,98981.00
LAUNCESTON,2023,9,51583.00,49988.00,101571.00,0.00,0.00,0.00,51583.00,49988.00,101571.00
LAUNCESTON,2023,10,60348.00,58947.00,119295.00,0.00,0.00,0.00,60348.00,58947.00,119295.00
LAUNCESTON,2023,11,63106.00,61336.00,124442.00,0.00,0.00,0.00,63106.00,61336.00,124442.00
LAUNCESTON,2023,12,76584.00,66277.00,142861.00,0.00,0.00,0.00,76584.00,66277.00,142861.00
LAUNCESTON,2024,1,68013.00,75861.00,143874.00,0.00,0.00,0.00,68013.00,75861.00,143874.00
LAUNCESTON,2024,2,62051.00,61639.00,123690.00,0.00,0.00,0.00,62051.00,61639.00,123690.00
LAUNCESTON,2024,3,67859.00,67669.00,135528.00,0.00,0.00,0.00,67859.00,67669.00,135528.00
LAUNCESTON,2024,4,60965.00,66265.00,127230.00,0.00,0.00,0.00,60965.00,66265.00,127230.00
LAUNCESTON,2024,5,48699.00,50852.00,99551.00,0.00,0.00,0.00,48699.00,50852.00,99551.00
LAUNCESTON,2024,6,46275.00,45612.00,91887.00,0.00,0.00,0.00,46275.00,45612.00,91887.00
LAUNCESTON,2024,7,52370.00,55347.00,107717.00,0.00,0.00,0.00,52370.00,55347.00,107717.00
LAUNCESTON,2024,8,52518.00,51398.00,103916.00,0.00,0.00,0.00,52518.00,51398.00,103916.00
LAUNCESTON,2024,9,53042.00,53078.00,106120.00,0.00,0.00,0.00,53042.00,53078.00,106120.00
LAUNCESTON,2024,10,59729.00,59611.00,119340.00,0.00,0.00,0.00,59729.00,59611.00,119340.00
LAUNCESTON,2024,11,61369.00,58934.00,120303.00,0.00,0.00,0.00,61369.00,58934.00,120303.00
LAUNCESTON,2024,12,73803.00,65551.00,139354.00,0.00,0.00,0.00,73803.00,65551.00,139354.00
LAUNCESTON,2025,1,75563.00,83384.00,158947.00,0.00,0.00,0.00,75563.00,83384.00,158947.00
LAUNCESTON,2025,2,59337.00,59315.00,118652.00,0.00,0.00,0.00,59337.00,59315.00,118652.00
LAUNCESTON,2025,3,66243.00,67828.00,134071.00,0.00,0.00,0.00,66243.00,67828.00,134071.00
LAUNCESTON,2025,4,57801.00,61464.00,119265.00,0.00,0.00,0.00,57801.00,61464.00,119265.00
LAUNCESTON,2025,5,50733.00,54091.00,104824.00,0.00,0.00,0.00,50733.00,54091.00,104824.00
LAUNCESTON,2025,6,50768.00,50365.00,101133.00,0.00,0.00,0.00,50768.00,50365.00,101133.00
MACKAY,2009,1,39935.00,39772.00,79707.00,0.00,0.00,0.00,39935.00,39772.00,79707.00
MACKAY,2009,2,34093.00,33861.00,67954.00,0.00,0.00,0.00,34093.00,33861.00,67954.00
MACKAY,2009,3,38335.00,37378.00,75713.00,0.00,0.00,0.00,38335.00,37378.00,75713.00
MACKAY,2009,4,38347.00,38448.00,76795.00,0.00,0.00,0.00,38347.00,38448.00,76795.00
MACKAY,2009,5,38023.00,37882.00,75905.00,0.00,0.00,0.00,38023.00,37882.00,75905.00
MACKAY,2009,6,38043.00,37284.00,75327.00,0.00,0.00,0.00,38043.00,37284.00,75327.00
MACKAY,2009,7,40206.00,40448.00,80654.00,0.00,0.00,0.00,40206.00,40448.00,80654.00
MACKAY,2009,8,38246.00,37882.00,76128.00,0.00,0.00,0.00,38246.00,37882.00,76128.00
MACKAY,2009,9,39508.00,39616.00,79124.00,0.00,0.00,0.00,39508.00,39616.00,79124.00
MACKAY,2009,10,40964.00,41045.00,82009.00,0.00,0.00,0.00,40964.00,41045.00,82009.00
MACKAY,2009,11,38991.00,39381.00,78372.00,0.00,0.00,0.00,38991.00,39381.00,78372.00
MACKAY,2009,12,38160.00,39841.00,78001.00,0.00,0.00,0.00,38160.00,39841.00,78001.00
MACKAY,2010,1,36743.00,36508.00,73251.00,0.00,0.00,0.00,36743.00,36508.00,73251.00
MACKAY,2010,2,33503.00,34298.00,67801.00,0.00,0.00,0.00,33503.00,34298.00,67801.00
MACKAY,2010,3,36041.00,35330.00,71371.00,0.00,0.00,0.00,36041.00,35330.00,71371.00
MACKAY,2010,4,36857.00,36634.00,73491.00,0.00,0.00,0.00,36857.00,36634.00,73491.00
MACKAY,2010,5,37655.00,37959.00,75614.00,0.00,0.00,0.00,37655.00,37959.00,75614.00
MACKAY,2010,6,40689.00,40733.00,81422.00,0.00,0.00,0.00,40689.00,40733.00,81422.00
MACKAY,2010,7,43626.00,43804.00,87430.00,0.00,0.00,0.00,43626.00,43804.00,87430.00
MACKAY,2010,8,41931.00,42150.00,84081.00,0.00,0.00,0.00,41931.00,42150.00,84081.00
MACKAY,2010,9,46612.00,46479.00,93091.00,0.00,0.00,0.00,46612.00,46479.00,93091.00
MACKAY,2010,10,47386.00,48552.00,95938.00,0.00,0.00,0.00,47386.00,48552.00,95938.00
MACKAY,2010,11,44241.00,43824.00,88065.00,0.00,0.00,0.00,44241.00,43824.00,88065.00
MACKAY,2010,12,44289.00,47223.00,91512.00,0.00,0.00,0.00,44289.00,47223.00,91512.00
MACKAY,2011,1,47185.00,44254.00,91439.00,0.00,0.00,0.00,47185.00,44254.00,91439.00
MACKAY,2011,2,35124.00,35588.00,70712.00,0.00,0.00,0.00,35124.00,35588.00,70712.00
MACKAY,2011,3,43224.00,42622.00,85846.00,0.00,0.00,0.00,43224.00,42622.00,85846.00
MACKAY,2011,4,41760.00,42414.00,84174.00,0.00,0.00,0.00,41760.00,42414.00,84174.00
MACKAY,2011,5,44832.00,43888.00,88720.00,0.00,0.00,0.00,44832.00,43888.00,88720.00
MACKAY,2011,6,43839.00,44325.00,88164.00,0.00,0.00,0.00,43839.00,44325.00,88164.00
MACKAY,2011,7,46913.00,46668.00,93581.00,0.00,0.00,0.00,46913.00,46668.00,93581.00
MACKAY,2011,8,47594.00,47296.00,94890.00,0.00,0.00,0.00,47594.00,47296.00,94890.00
MACKAY,2011,9,48453.00,49173.00,97626.00,0.00,0.00,0.00,48453.00,49173.00,97626.00
MACKAY,2011,10,50403.00,50341.00,100744.00,0.00,0.00,0.00,50403.00,50341.00,100744.00
MACKAY,2011,11,47259.00,47269.00,94528.00,0.00,0.00,0.00,47259.00,47269.00,94528.00
MACKAY,2011,12,43936.00,48241.00,92177.00,0.00,0.00,0.00,43936.00,48241.00,92177.00
MACKAY,2012,1,45112.00,41376.00,86488.00,0.00,0.00,0.00,45112.00,41376.00,86488.00
MACKAY,2012,2,42412.00,43314.00,85726.00,0.00,0.00,0.00,42412.00,43314.00,85726.00
MACKAY,2012,3,46348.00,47723.00,94071.00,0.00,0.00,0.00,46348.00,47723.00,94071.00
MACKAY,2012,4,46513.00,45629.00,92142.00,0.00,0.00,0.00,46513.00,45629.00,92142.00
MACKAY,2012,5,48281.00,48824.00,97105.00,0.00,0.00,0.00,48281.00,48824.00,97105.00
MACKAY,2012,6,48241.00,48828.00,97069.00,0.00,0.00,0.00,48241.00,48828.00,97069.00
MACKAY,2012,7,49974.00,48864.00,98838.00,0.00,0.00,0.00,49974.00,48864.00,98838.00
MACKAY,2012,8,47780.00,48839.00,96619.00,0.00,0.00,0.00,47780.00,48839.00,96619.00
MACKAY,2012,9,47615.00,48248.00,95863.00,0.00,0.00,0.00,47615.00,48248.00,95863.00
MACKAY,2012,10,49865.00,48668.00,98533.00,0.00,0.00,0.00,49865.00,48668.00,98533.00
MACKAY,2012,11,44720.00,45921.00,90641.00,0.00,0.00,0.00,44720.00,45921.00,90641.00
MACKAY,2012,12,44976.00,48172.00,93148.00,0.00,0.00,0.00,44976.00,48172.00,93148.00
MACKAY,2013,1,46854.00,43565.00,90419.00,0.00,0.00,0.00,46854.00,43565.00,90419.00
MACKAY,2013,2,39587.00,40893.00,80480.00,0.00,0.00,0.00,39587.00,40893.00,80480.00
MACKAY,2013,3,45497.00,46520.00,92017.00,0.00,0.00,0.00,45497.00,46520.00,92017.00
MACKAY,2013,4,48044.00,46532.00,94576.00,0.00,0.00,0.00,48044.00,46532.00,94576.00
MACKAY,2013,5,44764.00,45633.00,90397.00,0.00,0.00,0.00,44764.00,45633.00,90397.00
MACKAY,2013,6,47536.00,46864.00,94400.00,0.00,0.00,0.00,47536.00,46864.00,94400.00
MACKAY,2013,7,49174.00,49064.00,98238.00,0.00,0.00,0.00,49174.00,49064.00,98238.00
MACKAY,2013,8,46550.00,47782.00,94332.00,0.00,0.00,0.00,46550.00,47782.00,94332.00
MACKAY,2013,9,46861.00,45849.00,92710.00,0.00,0.00,0.00,46861.00,45849.00,92710.00
MACKAY,2013,10,48466.00,48596.00,97062.00,0.00,0.00,0.00,48466.00,48596.00,97062.00
MACKAY,2013,11,42148.00,43201.00,85349.00,0.00,0.00,0.00,42148.00,43201.00,85349.00
MACKAY,2013,12,45230.00,47384.00,92614.00,0.00,0.00,0.00,45230.00,47384.00,92614.00
MACKAY,2014,1,41690.00,39182.00,80872.00,0.00,0.00,0.00,41690.00,39182.00,80872.00
MACKAY,2014,2,35301.00,35937.00,71238.00,0.00,0.00,0.00,35301.00,35937.00,71238.00
MACKAY,2014,3,41032.00,40076.00,81108.00,0.00,0.00,0.00,41032.00,40076.00,81108.00
MACKAY,2014,4,41485.00,41149.00,82634.00,0.00,0.00,0.00,41485.00,41149.00,82634.00
MACKAY,2014,5,39723.00,40390.00,80113.00,0.00,0.00,0.00,39723.00,40390.00,80113.00
MACKAY,2014,6,38830.00,38088.00,76918.00,0.00,0.00,0.00,38830.00,38088.00,76918.00
MACKAY,2014,7,44033.00,44582.00,88615.00,0.00,0.00,0.00,44033.00,44582.00,88615.00
MACKAY,2014,8,40144.00,40707.00,80851.00,0.00,0.00,0.00,40144.00,40707.00,80851.00
MACKAY,2014,9,41426.00,40415.00,81841.00,0.00,0.00,0.00,41426.00,40415.00,81841.00
MACKAY,2014,10,43221.00,44844.00,88065.00,0.00,0.00,0.00,43221.00,44844.00,88065.00
MACKAY,2014,11,37800.00,38193.00,75993.00,0.00,0.00,0.00,37800.00,38193.00,75993.00
MACKAY,2014,12,39817.00,41898.00,81715.00,0.00,0.00,0.00,39817.00,41898.00,81715.00
MACKAY,2015,1,36231.00,34321.00,70552.00,0.00,0.00,0.00,36231.00,34321.00,70552.00
MACKAY,2015,2,30254.00,31593.00,61847.00,0.00,0.00,0.00,30254.00,31593.00,61847.00
MACKAY,2015,3,38476.00,36956.00,75432.00,0.00,0.00,0.00,38476.00,36956.00,75432.00
MACKAY,2015,4,38188.00,38030.00,76218.00,0.00,0.00,0.00,38188.00,38030.00,76218.00
MACKAY,2015,5,37417.00,37180.00,74597.00,0.00,0.00,0.00,37417.00,37180.00,74597.00
MACKAY,2015,6,36464.00,36164.00,72628.00,0.00,0.00,0.00,36464.00,36164.00,72628.00
MACKAY,2015,7,39916.00,40450.00,80366.00,0.00,0.00,0.00,39916.00,40450.00,80366.00
MACKAY,2015,8,37652.00,37306.00,74958.00,0.00,0.00,0.00,37652.00,37306.00,74958.00
MACKAY,2015,9,36204.00,36478.00,72682.00,0.00,0.00,0.00,36204.00,36478.00,72682.00
MACKAY,2015,10,36013.00,36482.00,72495.00,0.00,0.00,0.00,36013.00,36482.00,72495.00
MACKAY,2015,11,33988.00,33821.00,67809.00,0.00,0.00,0.00,33988.00,33821.00,67809.00
MACKAY,2015,12,33735.00,35613.00,69348.00,0.00,0.00,0.00,33735.00,35613.00,69348.00
MACKAY,2016,1,30454.00,28859.00,59313.00,0.00,0.00,0.00,30454.00,28859.00,59313.00
MACKAY,2016,2,28048.00,28251.00,56299.00,0.00,0.00,0.00,28048.00,28251.00,56299.00
MACKAY,2016,3,33248.00,33232.00,66480.00,0.00,0.00,0.00,33248.00,33232.00,66480.00
MACKAY,2016,4,32759.00,32306.00,65065.00,0.00,0.00,0.00,32759.00,32306.00,65065.00
MACKAY,2016,5,32884.00,32963.00,65847.00,0.00,0.00,0.00,32884.00,32963.00,65847.00
MACKAY,2016,6,31980.00,32428.00,64408.00,0.00,0.00,0.00,31980.00,32428.00,64408.00
MACKAY,2016,7,33613.00,33546.00,67159.00,0.00,0.00,0.00,33613.00,33546.00,67159.00
MACKAY,2016,8,32588.00,32852.00,65440.00,0.00,0.00,0.00,32588.00,32852.00,65440.00
MACKAY,2016,9,32594.00,33221.00,65815.00,0.00,0.00,0.00,32594.00,33221.00,65815.00
MACKAY,2016,10,32954.00,33473.00,66427.00,0.00,0.00,0.00,32954.00,33473.00,66427.00
MACKAY,2016,11,31026.00,30902.00,61928.00,0.00,0.00,0.00,31026.00,30902.00,61928.00
MACKAY,2016,12,31024.00,32448.00,63472.00,0.00,0.00,0.00,31024.00,32448.00,63472.00
MACKAY,2017,1,28407.00,27492.00,55899.00,0.00,0.00,0.00,28407.00,27492.00,55899.00
MACKAY,2017,2,26775.00,27417.00,54192.00,0.00,0.00,0.00,26775.00,27417.00,54192.00
MACKAY,2017,3,27660.00,28612.00,56272.00,0.00,0.00,0.00,27660.00,28612.00,56272.00
MACKAY,2017,4,32546.00,32692.00,65238.00,0.00,0.00,0.00,32546.00,32692.00,65238.00
MACKAY,2017,5,32115.00,32556.00,64671.00,0.00,0.00,0.00,32115.00,32556.00,64671.00
MACKAY,2017,6,32053.00,32188.00,64241.00,0.00,0.00,0.00,32053.00,32188.00,64241.00
MACKAY,2017,7,33542.00,33361.00,66903.00,0.00,0.00,0.00,33542.00,33361.00,66903.00
MACKAY,2017,8,32287.00,33030.00,65317.00,0.00,0.00,0.00,32287.00,33030.00,65317.00
MACKAY,2017,9,34889.00,35186.00,70075.00,0.00,0.00,0.00,34889.00,35186.00,70075.00
MACKAY,2017,10,35292.00,34648.00,69940.00,0.00,0.00,0.00,35292.00,34648.00,69940.00
MACKAY,2017,11,31991.00,32694.00,64685.00,0.00,0.00,0.00,31991.00,32694.00,64685.00
MACKAY,2017,12,31907.00,33663.00,65570.00,0.00,0.00,0.00,31907.00,33663.00,65570.00
MACKAY,2018,1,31550.00,29835.00,61385.00,0.00,0.00,0.00,31550.00,29835.00,61385.00
MACKAY,2018,2,28109.00,28290.00,56399.00,0.00,0.00,0.00,28109.00,28290.00,56399.00
MACKAY,2018,3,33788.00,34250.00,68038.00,0.00,0.00,0.00,33788.00,34250.00,68038.00
MACKAY,2018,4,31371.00,30937.00,62308.00,0.00,0.00,0.00,31371.00,30937.00,62308.00
MACKAY,2018,5,34118.00,34075.00,68193.00,0.00,0.00,0.00,34118.00,34075.00,68193.00
MACKAY,2018,6,32254.00,32073.00,64327.00,0.00,0.00,0.00,32254.00,32073.00,64327.00
MACKAY,2018,7,38841.00,38656.00,77497.00,0.00,0.00,0.00,38841.00,38656.00,77497.00
MACKAY,2018,8,37238.00,38024.00,75262.00,0.00,0.00,0.00,37238.00,38024.00,75262.00
MACKAY,2018,9,34386.00,34831.00,69217.00,0.00,0.00,0.00,34386.00,34831.00,69217.00
MACKAY,2018,10,35683.00,35066.00,70749.00,0.00,0.00,0.00,35683.00,35066.00,70749.00
MACKAY,2018,11,33423.00,34034.00,67457.00,0.00,0.00,0.00,33423.00,34034.00,67457.00
MACKAY,2018,12,32543.00,34591.00,67134.00,0.00,0.00,0.00,32543.00,34591.00,67134.00
MACKAY,2019,1,31850.00,30538.00,62388.00,0.00,0.00,0.00,31850.00,30538.00,62388.00
MACKAY,2019,2,29585.00,29908.00,59493.00,0.00,0.00,0.00,29585.00,29908.00,59493.00
MACKAY,2019,3,33188.00,33773.00,66961.00,0.00,0.00,0.00,33188.00,33773.00,66961.00
MACKAY,2019,4,33365.00,32740.00,66105.00,0.00,0.00,0.00,33365.00,32740.00,66105.00
MACKAY,2019,5,35423.00,36124.00,71547.00,0.00,0.00,0.00,35423.00,36124.00,71547.00
MACKAY,2019,6,34032.00,33917.00,67949.00,0.00,0.00,0.00,34032.00,33917.00,67949.00
MACKAY,2019,7,37760.00,37019.00,74779.00,0.00,0.00,0.00,37760.00,37019.00,74779.00
MACKAY,2019,8,37074.00,37973.00,75047.00,0.00,0.00,0.00,37074.00,37973.00,75047.00
MACKAY,2019,9,37679.00,37658.00,75337.00,0.00,0.00,0.00,37679.00,37658.00,75337.00
MACKAY,2019,10,38439.00,38581.00,77020.00,0.00,0.00,0.00,38439.00,38581.00,77020.00
MACKAY,2019,11,35584.00,36180.00,71764.00,0.00,0.00,0.00,35584.00,36180.00,71764.00
MACKAY,2019,12,35168.00,37092.00,72260.00,0.00,0.00,0.00,35168.00,37092.00,72260.00
MACKAY,2020,1,34227.00,32672.00,66899.00,0.00,0.00,0.00,34227.00,32672.00,66899.00
MACKAY,2020,2,31457.00,32056.00,63513.00,0.00,0.00,0.00,31457.00,32056.00,63513.00
MACKAY,2020,3,26375.00,24390.00,50765.00,0.00,0.00,0.00,26375.00,24390.00,50765.00
MACKAY,2020,4,3428.00,3753.00,7181.00,0.00,0.00,0.00,3428.00,3753.00,7181.00
MACKAY,2020,5,3517.00,3674.00,7191.00,0.00,0.00,0.00,3517.00,3674.00,7191.00
MACKAY,2020,6,8504.00,8404.00,16908.00,0.00,0.00,0.00,8504.00,8404.00,16908.00
MACKAY,2020,7,15694.00,16265.00,31959.00,0.00,0.00,0.00,15694.00,16265.00,31959.00
MACKAY,2020,8,15570.00,15854.00,31424.00,0.00,0.00,0.00,15570.00,15854.00,31424.00
MACKAY,2020,9,17673.00,17700.00,35373.00,0.00,0.00,0.00,17673.00,17700.00,35373.00
MACKAY,2020,10,20175.00,21086.00,41261.00,0.00,0.00,0.00,20175.00,21086.00,41261.00
MACKAY,2020,11,22748.00,22440.00,45188.00,0.00,0.00,0.00,22748.00,22440.00,45188.00
MACKAY,2020,12,26244.00,27338.00,53582.00,0.00,0.00,0.00,26244.00,27338.00,53582.00
MACKAY,2021,1,20817.00,20329.00,41146.00,0.00,0.00,0.00,20817.00,20329.00,41146.00
MACKAY,2021,2,22827.00,22922.00,45749.00,0.00,0.00,0.00,22827.00,22922.00,45749.00
MACKAY,2021,3,28950.00,28178.00,57128.00,0.00,0.00,0.00,28950.00,28178.00,57128.00
MACKAY,2021,4,29392.00,29525.00,58917.00,0.00,0.00,0.00,29392.00,29525.00,58917.00
MACKAY,2021,5,33407.00,32991.00,66398.00,0.00,0.00,0.00,33407.00,32991.00,66398.00
MACKAY,2021,6,31806.00,31349.00,63155.00,0.00,0.00,0.00,31806.00,31349.00,63155.00
MACKAY,2021,7,26205.00,26675.00,52880.00,0.00,0.00,0.00,26205.00,26675.00,52880.00
MACKAY,2021,8,18309.00,18095.00,36404.00,0.00,0.00,0.00,18309.00,18095.00,36404.00
MACKAY,2021,9,27786.00,27921.00,55707.00,0.00,0.00,0.00,27786.00,27921.00,55707.00
MACKAY,2021,10,26940.00,27633.00,54573.00,0.00,0.00,0.00,26940.00,27633.00,54573.00
MACKAY,2021,11,28231.00,27476.00,55707.00,0.00,0.00,0.00,28231.00,27476.00,55707.00
MACKAY,2021,12,29251.00,30472.00,59723.00,0.00,0.00,0.00,29251.00,30472.00,59723.00
MACKAY,2022,1,21505.00,20304.00,41809.00,0.00,0.00,0.00,21505.00,20304.00,41809.00
MACKAY,2022,2,21200.00,21624.00,42824.00,0.00,0.00,0.00,21200.00,21624.00,42824.00
MACKAY,2022,3,29888.00,30223.00,60111.00,0.00,0.00,0.00,29888.00,30223.00,60111.00
MACKAY,2022,4,35758.00,36248.00,72006.00,0.00,0.00,0.00,35758.00,36248.00,72006.00
MACKAY,2022,5,36770.00,36153.00,72923.00,0.00,0.00,0.00,36770.00,36153.00,72923.00
MACKAY,2022,6,38676.00,38928.00,77604.00,0.00,0.00,0.00,38676.00,38928.00,77604.00
MACKAY,2022,7,38743.00,39542.00,78285.00,0.00,0.00,0.00,38743.00,39542.00,78285.00
MACKAY,2022,8,38115.00,38071.00,76186.00,0.00,0.00,0.00,38115.00,38071.00,76186.00
MACKAY,2022,9,38033.00,39124.00,77157.00,0.00,0.00,0.00,38033.00,39124.00,77157.00
MACKAY,2022,10,38857.00,38747.00,77604.00,0.00,0.00,0.00,38857.00,38747.00,77604.00
MACKAY,2022,11,38366.00,38712.00,77078.00,0.00,0.00,0.00,38366.00,38712.00,77078.00
MACKAY,2022,12,34580.00,36537.00,71117.00,0.00,0.00,0.00,34580.00,36537.00,71117.00
MACKAY,2023,1,33415.00,31430.00,64845.00,0.00,0.00,0.00,33415.00,31430.00,64845.00
MACKAY,2023,2,32305.00,32930.00,65235.00,0.00,0.00,0.00,32305.00,32930.00,65235.00
MACKAY,2023,3,38325.00,39130.00,77455.00,0.00,0.00,0.00,38325.00,39130.00,77455.00
MACKAY,2023,4,35628.00,35865.00,71493.00,0.00,0.00,0.00,35628.00,35865.00,71493.00
MACKAY,2023,5,38687.00,37989.00,76676.00,0.00,0.00,0.00,38687.00,37989.00,76676.00
MACKAY,2023,6,37983.00,39085.00,77068.00,0.00,0.00,0.00,37983.00,39085.00,77068.00
MACKAY,2023,7,39853.00,39438.00,79291.00,0.00,0.00,0.00,39853.00,39438.00,79291.00
MACKAY,2023,8,39478.00,40206.00,79684.00,0.00,0.00,0.00,39478.00,40206.00,79684.00
MACKAY,2023,9,40959.00,41124.00,82083.00,0.00,0.00,0.00,40959.00,41124.00,82083.00
MACKAY,2023,10,40467.00,40500.00,80967.00,0.00,0.00,0.00,40467.00,40500.00,80967.00
MACKAY,2023,11,39453.00,40720.00,80173.00,0.00,0.00,0.00,39453.00,40720.00,80173.00
MACKAY,2023,12,36112.00,38302.00,74414.00,0.00,0.00,0.00,36112.00,38302.00,74414.00
MACKAY,2024,1,32951.00,30481.00,63432.00,0.00,0.00,0.00,32951.00,30481.00,63432.00
MACKAY,2024,2,34796.00,35422.00,70218.00,0.00,0.00,0.00,34796.00,35422.00,70218.00
MACKAY,2024,3,37952.00,38156.00,76108.00,0.00,0.00,0.00,37952.00,38156.00,76108.00
MACKAY,2024,4,37306.00,36462.00,73768.00,0.00,0.00,0.00,37306.00,36462.00,73768.00
MACKAY,2024,5,38516.00,39266.00,77782.00,0.00,0.00,0.00,38516.00,39266.00,77782.00
MACKAY,2024,6,36662.00,37129.00,73791.00,0.00,0.00,0.00,36662.00,37129.00,73791.00
MACKAY,2024,7,41060.00,40679.00,81739.00,0.00,0.00,0.00,41060.00,40679.00,81739.00
MACKAY,2024,8,38899.00,39694.00,78593.00,0.00,0.00,0.00,38899.00,39694.00,78593.00
MACKAY,2024,9,39439.00,39714.00,79153.00,0.00,0.00,0.00,39439.00,39714.00,79153.00
MACKAY,2024,10,38680.00,39795.00,78475.00,0.00,0.00,0.00,38680.00,39795.00,78475.00
MACKAY,2024,11,37635.00,38306.00,75941.00,0.00,0.00,0.00,37635.00,38306.00,75941.00
MACKAY,2024,12,34565.00,36745.00,71310.00,0.00,0.00,0.00,34565.00,36745.00,71310.00
MACKAY,2025,1,34902.00,33457.00,68359.00,0.00,0.00,0.00,34902.00,33457.00,68359.00
MACKAY,2025,2,31681.00,32756.00,64437.00,0.00,0.00,0.00,31681.00,32756.00,64437.00
MACKAY,2025,3,35115.00,34350.00,69465.00,0.00,0.00,0.00,35115.00,34350.00,69465.00
MACKAY,2025,4,38319.00,38414.00,76733.00,0.00,0.00,0.00,38319.00,38414.00,76733.00
MACKAY,2025,5,39437.00,40074.00,79511.00,0.00,0.00,0.00,39437.00,40074.00,79511.00
MACKAY,2025,6,39371.00,39268.00,78639.00,0.00,0.00,0.00,39371.00,39268.00,78639.00
MELBOURNE,2009,1,856085.00,833050.00,1689135.00,252477.00,212009.00,464486.00,1108562.00,1045059.00,2153621.00
MELBOURNE,2009,2,746205.00,739743.00,1485948.00,210713.00,168227.00,378940.00,956918.00,907970.00,1864888.00
MELBOURNE,2009,3,845636.00,852062.00,1697698.00,202276.00,196643.00,398919.00,1047912.00,1048705.00,2096617.00
MELBOURNE,2009,4,829998.00,819781.00,1649779.00,204299.00,208083.00,412382.00,1034297.00,1027864.00,2062161.00
MELBOURNE,2009,5,776173.00,775039.00,1551212.00,173774.00,197709.00,371483.00,949947.00,972748.00,1922695.00
MELBOURNE,2009,6,721727.00,758140.00,1479867.00,178162.00,218630.00,396792.00,899889.00,976770.00,1876659.00
MELBOURNE,2009,7,837988.00,809609.00,1647597.00,240001.00,197523.00,437524.00,1077989.00,1007132.00,2085121.00
MELBOURNE,2009,8,823229.00,827693.00,1650922.00,203480.00,205689.00,409169.00,1026709.00,1033382.00,2060091.00
MELBOURNE,2009,9,835205.00,851672.00,1686877.00,219950.00,222581.00,442531.00,1055155.00,1074253.00,2129408.00
MELBOURNE,2009,10,898516.00,877825.00,1776341.00,249880.00,207089.00,456969.00,1148396.00,1084914.00,2233310.00
MELBOURNE,2009,11,871745.00,868621.00,1740366.00,218576.00,228831.00,447407.00,1090321.00,1097452.00,2187773.00
MELBOURNE,2009,12,840898.00,858578.00,1699476.00,234725.00,279025.00,513750.00,1075623.00,1137603.00,2213226.00
MELBOURNE,2010,1,857377.00,826363.00,1683740.00,284826.00,243684.00,528510.00,1142203.00,1070047.00,2212250.00
MELBOURNE,2010,2,802637.00,808660.00,1611297.00,243752.00,204449.00,448201.00,1046389.00,1013109.00,2059498.00
MELBOURNE,2010,3,905092.00,921247.00,1826339.00,231673.00,239252.00,470925.00,1136765.00,1160499.00,2297264.00
MELBOURNE,2010,4,896389.00,873538.00,1769927.00,220800.00,219940.00,440740.00,1117189.00,1093478.00,2210667.00
MELBOURNE,2010,5,840775.00,841892.00,1682667.00,188710.00,221202.00,409912.00,1029485.00,1063094.00,2092579.00
MELBOURNE,2010,6,819152.00,851471.00,1670623.00,208773.00,257409.00,466182.00,1027925.00,1108880.00,2136805.00
MELBOURNE,2010,7,944778.00,913028.00,1857806.00,283636.00,231976.00,515612.00,1228414.00,1145004.00,2373418.00
MELBOURNE,2010,8,913529.00,920169.00,1833698.00,231395.00,241959.00,473354.00,1144924.00,1162128.00,2307052.00
MELBOURNE,2010,9,935099.00,941432.00,1876531.00,255664.00,259528.00,515192.00,1190763.00,1200960.00,2391723.00
MELBOURNE,2010,10,981550.00,974228.00,1955778.00,286793.00,239495.00,526288.00,1268343.00,1213723.00,2482066.00
MELBOURNE,2010,11,936055.00,926714.00,1862769.00,240786.00,250417.00,491203.00,1176841.00,1177131.00,2353972.00
MELBOURNE,2010,12,933226.00,957852.00,1891078.00,265242.00,321150.00,586392.00,1198468.00,1279002.00,2477470.00
MELBOURNE,2011,1,932364.00,895173.00,1827537.00,336970.00,290873.00,627843.00,1269334.00,1186046.00,2455380.00
MELBOURNE,2011,2,807515.00,802662.00,1610177.00,274243.00,220878.00,495121.00,1081758.00,1023540.00,2105298.00
MELBOURNE,2011,3,928617.00,924483.00,1853100.00,243754.00,237994.00,481748.00,1172371.00,1162477.00,2334848.00
MELBOURNE,2011,4,915423.00,915413.00,1830836.00,250130.00,274680.00,524810.00,1165553.00,1190093.00,2355646.00
MELBOURNE,2011,5,872415.00,876279.00,1748694.00,230962.00,247707.00,478669.00,1103377.00,1123986.00,2227363.00
MELBOURNE,2011,6,797066.00,804285.00,1601351.00,223865.00,273382.00,497247.00,1020931.00,1077667.00,2098598.00
MELBOURNE,2011,7,907802.00,900980.00,1808782.00,309728.00,262089.00,571817.00,1217530.00,1163069.00,2380599.00
MELBOURNE,2011,8,875410.00,876729.00,1752139.00,259446.00,261977.00,521423.00,1134856.00,1138706.00,2273562.00
MELBOURNE,2011,9,862222.00,882369.00,1744591.00,263756.00,282047.00,545803.00,1125978.00,1164416.00,2290394.00
MELBOURNE,2011,10,933886.00,910870.00,1844756.00,306328.00,247114.00,553442.00,1240214.00,1157984.00,2398198.00
MELBOURNE,2011,11,903717.00,890863.00,1794580.00,267990.00,269556.00,537546.00,1171707.00,1160419.00,2332126.00
MELBOURNE,2011,12,879421.00,910582.00,1790003.00,281266.00,344223.00,625489.00,1160687.00,1254805.00,2415492.00
MELBOURNE,2012,1,926139.00,886181.00,1812320.00,354018.00,306119.00,660137.00,1280157.00,1192300.00,2472457.00
MELBOURNE,2012,2,830879.00,821103.00,1651982.00,291804.00,232419.00,524223.00,1122683.00,1053522.00,2176205.00
MELBOURNE,2012,3,932200.00,936193.00,1868393.00,268269.00,279024.00,547293.00,1200469.00,1215217.00,2415686.00
MELBOURNE,2012,4,897991.00,892848.00,1790839.00,266969.00,271006.00,537975.00,1164960.00,1163854.00,2328814.00
MELBOURNE,2012,5,874047.00,871643.00,1745690.00,230069.00,259264.00,489333.00,1104116.00,1130907.00,2235023.00
MELBOURNE,2012,6,836515.00,858023.00,1694538.00,248038.00,295361.00,543399.00,1084553.00,1153384.00,2237937.00
MELBOURNE,2012,7,953894.00,944955.00,1898849.00,316164.00,261920.00,578084.00,1270058.00,1206875.00,2476933.00
MELBOURNE,2012,8,935216.00,929624.00,1864840.00,271345.00,275906.00,547251.00,1206561.00,1205530.00,2412091.00
MELBOURNE,2012,9,931489.00,954733.00,1886222.00,284472.00,291959.00,576431.00,1215961.00,1246692.00,2462653.00
MELBOURNE,2012,10,1002582.00,981939.00,1984521.00,323971.00,261191.00,585162.00,1326553.00,1243130.00,2569683.00
MELBOURNE,2012,11,1003285.00,988212.00,1991497.00,281637.00,289422.00,571059.00,1284922.00,1277634.00,2562556.00
MELBOURNE,2012,12,939234.00,969425.00,1908659.00,302814.00,356081.00,658895.00,1242048.00,1325506.00,2567554.00
MELBOURNE,2013,1,980802.00,928327.00,1909129.00,363773.00,309819.00,673592.00,1344575.00,1238146.00,2582721.00
MELBOURNE,2013,2,857315.00,842347.00,1699662.00,290165.00,245270.00,535435.00,1147480.00,1087617.00,2235097.00
MELBOURNE,2013,3,958278.00,995662.00,1953940.00,284291.00,298294.00,582585.00,1242569.00,1293956.00,2536525.00
MELBOURNE,2013,4,957148.00,924505.00,1881653.00,284224.00,278932.00,563156.00,1241372.00,1203437.00,2444809.00
MELBOURNE,2013,5,889504.00,893160.00,1782664.00,247987.00,284390.00,532377.00,1137491.00,1177550.00,2315041.00
MELBOURNE,2013,6,861377.00,881739.00,1743116.00,266815.00,316664.00,583479.00,1128192.00,1198403.00,2326595.00
MELBOURNE,2013,7,1027044.00,1007540.00,2034584.00,350003.00,299718.00,649721.00,1377047.00,1307258.00,2684305.00
MELBOURNE,2013,8,978746.00,973072.00,1951818.00,309206.00,314962.00,624168.00,1287952.00,1288034.00,2575986.00
MELBOURNE,2013,9,944229.00,957575.00,1901804.00,308437.00,314280.00,622717.00,1252666.00,1271855.00,2524521.00
MELBOURNE,2013,10,1042381.00,1027168.00,2069549.00,347223.00,277637.00,624860.00,1389604.00,1304805.00,2694409.00
MELBOURNE,2013,11,993447.00,978633.00,1972080.00,297331.00,296101.00,593432.00,1290778.00,1274734.00,2565512.00
MELBOURNE,2013,12,990722.00,1017563.00,2008285.00,334315.00,392306.00,726621.00,1325037.00,1409869.00,2734906.00
MELBOURNE,2014,1,1015397.00,972715.00,1988112.00,405925.00,345753.00,751678.00,1421322.00,1318468.00,2739790.00
MELBOURNE,2014,2,879950.00,874523.00,1754473.00,317446.00,271754.00,589200.00,1197396.00,1146277.00,2343673.00
MELBOURNE,2014,3,982380.00,989492.00,1971872.00,298547.00,301050.00,599597.00,1280927.00,1290542.00,2571469.00
MELBOURNE,2014,4,970657.00,965801.00,1936458.00,314516.00,330983.00,645499.00,1285173.00,1296784.00,2581957.00
MELBOURNE,2014,5,919075.00,914120.00,1833195.00,288008.00,311686.00,599694.00,1207083.00,1225806.00,2432889.00
MELBOURNE,2014,6,883595.00,924070.00,1807665.00,283842.00,355095.00,638937.00,1167437.00,1279165.00,2446602.00
MELBOURNE,2014,7,1022903.00,993072.00,2015975.00,396854.00,328613.00,725467.00,1419757.00,1321685.00,2741442.00
MELBOURNE,2014,8,979763.00,975378.00,1955141.00,323724.00,340678.00,664402.00,1303487.00,1316056.00,2619543.00
MELBOURNE,2014,9,966478.00,975178.00,1941656.00,337512.00,339350.00,676862.00,1303990.00,1314528.00,2618518.00
MELBOURNE,2014,10,1084809.00,1063726.00,2148535.00,381908.00,312662.00,694570.00,1466717.00,1376388.00,2843105.00
MELBOURNE,2014,11,1001601.00,994496.00,1996097.00,328293.00,335780.00,664073.00,1329894.00,1330276.00,2660170.00
MELBOURNE,2014,12,994717.00,1020431.00,2015148.00,355406.00,417081.00,772487.00,1350123.00,1437512.00,2787635.00
MELBOURNE,2015,1,1004854.00,948075.00,1952929.00,438126.00,370081.00,808207.00,1442980.00,1318156.00,2761136.00
MELBOURNE,2015,2,900984.00,891650.00,1792634.00,365109.00,313219.00,678328.00,1266093.00,1204869.00,2470962.00
MELBOURNE,2015,3,1005878.00,1039069.00,2044947.00,345323.00,371197.00,716520.00,1351201.00,1410266.00,2761467.00
MELBOURNE,2015,4,996733.00,964471.00,1961204.00,340239.00,344512.00,684751.00,1336972.00,1308983.00,2645955.00
MELBOURNE,2015,5,936622.00,936219.00,1872841.00,302738.00,334198.00,636936.00,1239360.00,1270417.00,2509777.00
MELBOURNE,2015,6,892847.00,934705.00,1827552.00,308765.00,379573.00,688338.00,1201612.00,1314278.00,2515890.00
MELBOURNE,2015,7,1088788.00,1042230.00,2131018.00,420433.00,358670.00,779103.00,1509221.00,1400900.00,2910121.00
MELBOURNE,2015,8,987007.00,994987.00,1981994.00,363372.00,369533.00,732905.00,1350379.00,1364520.00,2714899.00
MELBOURNE,2015,9,1003849.00,1002529.00,2006378.00,373604.00,370822.00,744426.00,1377453.00,1373351.00,2750804.00
MELBOURNE,2015,10,1087942.00,1081715.00,2169657.00,422440.00,352894.00,775334.00,1510382.00,1434609.00,2944991.00
MELBOURNE,2015,11,1040806.00,1038007.00,2078813.00,369057.00,367768.00,736825.00,1409863.00,1405775.00,2815638.00
MELBOURNE,2015,12,1042951.00,1067979.00,2110930.00,408817.00,468826.00,877643.00,1451768.00,1536805.00,2988573.00
MELBOURNE,2016,1,1054336.00,987466.00,2041802.00,479446.00,415848.00,895294.00,1533782.00,1403314.00,2937096.00
MELBOURNE,2016,2,962294.00,958670.00,1920964.00,409332.00,354902.00,764234.00,1371626.00,1313572.00,2685198.00
MELBOURNE,2016,3,1040159.00,1071754.00,2111913.00,375712.00,400070.00,775782.00,1415871.00,1471824.00,2887695.00
MELBOURNE,2016,4,1034619.00,975844.00,2010463.00,377543.00,363931.00,741474.00,1412162.00,1339775.00,2751937.00
MELBOURNE,2016,5,965286.00,979592.00,1944878.00,329015.00,361483.00,690498.00,1294301.00,1341075.00,2635376.00
MELBOURNE,2016,6,934008.00,983208.00,1917216.00,344024.00,421392.00,765416.00,1278032.00,1404600.00,2682632.00
MELBOURNE,2016,7,1099867.00,1051762.00,2151629.00,473996.00,402026.00,876022.00,1573863.00,1453788.00,3027651.00
MELBOURNE,2016,8,1007425.00,1007861.00,2015286.00,387190.00,393644.00,780834.00,1394615.00,1401505.00,2796120.00
MELBOURNE,2016,9,1059435.00,1055705.00,2115140.00,407615.00,395718.00,803333.00,1467050.00,1451423.00,2918473.00
MELBOURNE,2016,10,1093450.00,1100268.00,2193718.00,439964.00,373475.00,813439.00,1533414.00,1473743.00,3007157.00
MELBOURNE,2016,11,1081488.00,1066390.00,2147878.00,386213.00,394006.00,780219.00,1467701.00,1460396.00,2928097.00
MELBOURNE,2016,12,1063853.00,1097863.00,2161716.00,444950.00,511091.00,956041.00,1508803.00,1608954.00,3117757.00
MELBOURNE,2017,1,1090953.00,1037134.00,2128087.00,523394.00,456706.00,980100.00,1614347.00,1493840.00,3108187.00
MELBOURNE,2017,2,936529.00,925300.00,1861829.00,424162.00,354176.00,778338.00,1360691.00,1279476.00,2640167.00
MELBOURNE,2017,3,1067607.00,1069795.00,2137402.00,388096.00,397069.00,785165.00,1455703.00,1466864.00,2922567.00
MELBOURNE,2017,4,1046704.00,1038005.00,2084709.00,421407.00,426800.00,848207.00,1468111.00,1464805.00,2932916.00
MELBOURNE,2017,5,982991.00,993236.00,1976227.00,355754.00,384545.00,740299.00,1338745.00,1377781.00,2716526.00
MELBOURNE,2017,6,966297.00,988130.00,1954427.00,368104.00,439357.00,807461.00,1334401.00,1427487.00,2761888.00
MELBOURNE,2017,7,1109391.00,1101270.00,2210661.00,498958.00,427923.00,926881.00,1608349.00,1529193.00,3137542.00
MELBOURNE,2017,8,1032519.00,1026705.00,2059224.00,417818.00,422697.00,840515.00,1450337.00,1449402.00,2899739.00
MELBOURNE,2017,9,1047892.00,1061680.00,2109572.00,428355.00,438578.00,866933.00,1476247.00,1500258.00,2976505.00
MELBOURNE,2017,10,1156852.00,1133498.00,2290350.00,486720.00,396510.00,883230.00,1643572.00,1530008.00,3173580.00
MELBOURNE,2017,11,1115131.00,1106079.00,2221210.00,419680.00,431707.00,851387.00,1534811.00,1537786.00,3072597.00
MELBOURNE,2017,12,1083418.00,1118622.00,2202040.00,478099.00,537167.00,1015266.00,1561517.00,1655789.00,3217306.00
MELBOURNE,2018,1,1109308.00,1061660.00,2170968.00,547626.00,473098.00,1020724.00,1656934.00,1534758.00,3191692.00
MELBOURNE,2018,2,968029.00,959519.00,1927548.00,469329.00,401858.00,871187.00,1437358.00,1361377.00,2798735.00
MELBOURNE,2018,3,1098311.00,1128272.00,2226583.00,445563.00,464345.00,909908.00,1543874.00,1592617.00,3136491.00
MELBOURNE,2018,4,1084246.00,1051772.00,2136018.00,453020.00,441242.00,894262.00,1537266.00,1493014.00,3030280.00
MELBOURNE,2018,5,1000156.00,1007655.00,2007811.00,387395.00,413425.00,800820.00,1387551.00,1421080.00,2808631.00
MELBOURNE,2018,6,962605.00,1010009.00,1972614.00,410590.00,492367.00,902957.00,1373195.00,1502376.00,2875571.00
MELBOURNE,2018,7,1149198.00,1116250.00,2265448.00,538582.00,455634.00,994216.00,1687780.00,1571884.00,3259664.00
MELBOURNE,2018,8,1074421.00,1068580.00,2143001.00,464566.00,473550.00,938116.00,1538987.00,1542130.00,3081117.00
MELBOURNE,2018,9,1057707.00,1073931.00,2131638.00,471762.00,479739.00,951501.00,1529469.00,1553670.00,3083139.00
MELBOURNE,2018,10,1166132.00,1142931.00,2309063.00,523788.00,436520.00,960308.00,1689920.00,1579451.00,3269371.00
MELBOURNE,2018,11,1117298.00,1107531.00,2224829.00,461965.00,473126.00,935091.00,1579263.00,1580657.00,3159920.00
MELBOURNE,2018,12,1066835.00,1110389.00,2177224.00,481836.00,562958.00,1044794.00,1548671.00,1673347.00,3222018.00
MELBOURNE,2019,1,1121723.00,1066341.00,2188064.00,568799.00,501288.00,1070087.00,1690522.00,1567629.00,3258151.00
MELBOURNE,2019,2,981359.00,971364.00,1952723.00,483548.00,405796.00,889344.00,1464907.00,1377160.00,2842067.00
MELBOURNE,2019,3,1086603.00,1092582.00,2179185.00,441993.00,443824.00,885817.00,1528596.00,1536406.00,3065002.00
MELBOURNE,2019,4,1087004.00,1087168.00,2174172.00,454777.00,480480.00,935257.00,1541781.00,1567648.00,3109429.00
MELBOURNE,2019,5,1010459.00,1006610.00,2017069.00,414406.00,429113.00,843519.00,1424865.00,1435723.00,2860588.00
MELBOURNE,2019,6,944965.00,1000243.00,1945208.00,413493.00,488023.00,901516.00,1358458.00,1488266.00,2846724.00
MELBOURNE,2019,7,1142322.00,1109884.00,2252206.00,532482.00,460719.00,993201.00,1674804.00,1570603.00,3245407.00
MELBOURNE,2019,8,1080083.00,1074712.00,2154795.00,469163.00,473554.00,942717.00,1549246.00,1548266.00,3097512.00
MELBOURNE,2019,9,1069451.00,1092161.00,2161612.00,459116.00,468307.00,927423.00,1528567.00,1560468.00,3089035.00
MELBOURNE,2019,10,1187346.00,1159072.00,2346418.00,504030.00,427549.00,931579.00,1691376.00,1586621.00,3277997.00
MELBOURNE,2019,11,1122505.00,1098922.00,2221427.00,460493.00,466560.00,927053.00,1582998.00,1565482.00,3148480.00
MELBOURNE,2019,12,1084222.00,1138546.00,2222768.00,495779.00,575352.00,1071131.00,1580001.00,1713898.00,3293899.00
MELBOURNE,2020,1,1116371.00,1053603.00,2169974.00,581276.00,514803.00,1096079.00,1697647.00,1568406.00,3266053.00
MELBOURNE,2020,2,921157.00,934726.00,1855883.00,408642.00,334254.00,742896.00,1329799.00,1268980.00,2598779.00
MELBOURNE,2020,3,624922.00,619391.00,1244313.00,244268.00,227490.00,471758.00,869190.00,846881.00,1716071.00
MELBOURNE,2020,4,20061.00,21697.00,41758.00,5448.00,12355.00,17803.00,25509.00,34052.00,59561.00
MELBOURNE,2020,5,29128.00,28400.00,57528.00,5643.00,9003.00,14646.00,34771.00,37403.00,72174.00
MELBOURNE,2020,6,60190.00,62328.00,122518.00,6431.00,9456.00,15887.00,66621.00,71784.00,138405.00
MELBOURNE,2020,7,29537.00,31636.00,61173.00,49.00,12705.00,12754.00,29586.00,44341.00,73927.00
MELBOURNE,2020,8,6854.00,13444.00,20298.00,0.00,14761.00,14761.00,6854.00,28205.00,35059.00
MELBOURNE,2020,9,8430.00,14941.00,23371.00,0.00,12320.00,12320.00,8430.00,27261.00,35691.00
MELBOURNE,2020,10,12720.00,14654.00,27374.00,0.00,10603.00,10603.00,12720.00,25257.00,37977.00
MELBOURNE,2020,11,48680.00,50242.00,98922.00,511.00,8346.00,8857.00,49191.00,58588.00,107779.00
MELBOURNE,2020,12,340896.00,398933.00,739829.00,5098.00,10989.00,16087.00,345994.00,409922.00,755916.00
MELBOURNE,2021,1,338480.00,286543.00,625023.00,6753.00,10340.00,17093.00,345233.00,296883.00,642116.00
MELBOURNE,2021,2,207398.00,195779.00,403177.00,3119.00,8122.00,11241.00,210517.00,203901.00,414418.00
MELBOURNE,2021,3,479091.00,494543.00,973634.00,1798.00,8153.00,9951.00,480889.00,502696.00,983585.00
MELBOURNE,2021,4,702091.00,692032.00,1394123.00,10375.00,16770.00,27145.00,712466.00,708802.00,1421268.00
MELBOURNE,2021,5,599667.00,601938.00,1201605.00,25732.00,24656.00,50388.00,625399.00,626594.00,1251993.00
MELBOURNE,2021,6,152189.00,168931.00,321120.00,10613.00,14502.00,25115.00,162802.00,183433.00,346235.00
MELBOURNE,2021,7,225224.00,184414.00,409638.00,22227.00,26795.00,49022.00,247451.00,211209.00,458660.00
MELBOURNE,2021,8,33142.00,25526.00,58668.00,3681.00,8033.00,11714.00,36823.00,33559.00,70382.00
MELBOURNE,2021,9,15886.00,15063.00,30949.00,2201.00,7918.00,10119.00,18087.00,22981.00,41068.00
MELBOURNE,2021,10,21168.00,15719.00,36887.00,2111.00,9855.00,11966.00,23279.00,25574.00,48853.00
MELBOURNE,2021,11,165347.00,169714.00,335061.00,19788.00,25339.00,45127.00,185135.00,195053.00,380188.00
MELBOURNE,2021,12,451517.00,522284.00,973801.00,64060.00,63649.00,127709.00,515577.00,585933.00,1101510.00
MELBOURNE,2022,1,571917.00,515075.00,1086992.00,84811.00,58865.00,143676.00,656728.00,573940.00,1230668.00
MELBOURNE,2022,2,496393.00,503676.00,1000069.00,89738.00,54225.00,143963.00,586131.00,557901.00,1144032.00
MELBOURNE,2022,3,753316.00,751571.00,1504887.00,107926.00,95493.00,203419.00,861242.00,847064.00,1708306.00
MELBOURNE,2022,4,958109.00,966159.00,1924268.00,157741.00,163915.00,321656.00,1115850.00,1130074.00,2245924.00
MELBOURNE,2022,5,861600.00,868868.00,1730468.00,182478.00,180486.00,362964.00,1044078.00,1049354.00,2093432.00
MELBOURNE,2022,6,886863.00,942296.00,1829159.00,211256.00,253957.00,465213.00,1098119.00,1196253.00,2294372.00
MELBOURNE,2022,7,980671.00,937906.00,1918577.00,318139.00,273435.00,591574.00,1298810.00,1211341.00,2510151.00
MELBOURNE,2022,8,871004.00,884415.00,1755419.00,289587.00,260606.00,550193.00,1160591.00,1145021.00,2305612.00
MELBOURNE,2022,9,942733.00,938395.00,1881128.00,300395.00,284303.00,584698.00,1243128.00,1222698.00,2465826.00
MELBOURNE,2022,10,962271.00,980846.00,1943117.00,335167.00,273556.00,608723.00,1297438.00,1254402.00,2551840.00
MELBOURNE,2022,11,949257.00,930494.00,1879751.00,333340.00,322667.00,656007.00,1282597.00,1253161.00,2535758.00
MELBOURNE,2022,12,918537.00,937459.00,1855996.00,353353.00,422088.00,775441.00,1271890.00,1359547.00,2631437.00
MELBOURNE,2023,1,951384.00,924241.00,1875625.00,445135.00,385246.00,830381.00,1396519.00,1309487.00,2706006.00
MELBOURNE,2023,2,821901.00,821353.00,1643254.00,381441.00,282806.00,664247.00,1203342.00,1104159.00,2307501.00
MELBOURNE,2023,3,997609.00,978577.00,1976186.00,370815.00,352659.00,723474.00,1368424.00,1331236.00,2699660.00
MELBOURNE,2023,4,948194.00,972933.00,1921127.00,380077.00,397622.00,777699.00,1328271.00,1370555.00,2698826.00
MELBOURNE,2023,5,919970.00,928001.00,1847971.00,356854.00,382672.00,739526.00,1276824.00,1310673.00,2587497.00
MELBOURNE,2023,6,891770.00,939062.00,1830832.00,376556.00,443993.00,820549.00,1268326.00,1383055.00,2651381.00
MELBOURNE,2023,7,1009111.00,981811.00,1990922.00,499513.00,416165.00,915678.00,1508624.00,1397976.00,2906600.00
MELBOURNE,2023,8,972529.00,981256.00,1953785.00,430491.00,418894.00,849385.00,1403020.00,1400150.00,2803170.00
MELBOURNE,2023,9,1003307.00,988183.00,1991490.00,453183.00,438763.00,891946.00,1456490.00,1426946.00,2883436.00
MELBOURNE,2023,10,1040251.00,1061215.00,2101466.00,481237.00,403512.00,884749.00,1521488.00,1464727.00,2986215.00
MELBOURNE,2023,11,1040114.00,1028416.00,2068530.00,434191.00,441269.00,875460.00,1474305.00,1469685.00,2943990.00
MELBOURNE,2023,12,997117.00,1032298.00,2029415.00,471322.00,557543.00,1028865.00,1468439.00,1589841.00,3058280.00
MELBOURNE,2024,1,1031539.00,999175.00,2030714.00,596727.00,486240.00,1082967.00,1628266.00,1485415.00,3113681.00
MELBOURNE,2024,2,959745.00,964951.00,1924696.00,505353.00,406356.00,911709.00,1465098.00,1371307.00,2836405.00
MELBOURNE,2024,3,1018694.00,1056796.00,2075490.00,443524.00,468982.00,912506.00,1462218.00,1525778.00,2987996.00
MELBOURNE,2024,4,1012617.00,979522.00,1992139.00,447712.00,432555.00,880267.00,1460329.00,1412077.00,2872406.00
MELBOURNE,2024,5,941908.00,950149.00,1892057.00,393502.00,425979.00,819481.00,1335410.00,1376128.00,2711538.00
MELBOURNE,2024,6,898479.00,930401.00,1828880.00,422064.00,497667.00,919731.00,1320543.00,1428068.00,2748611.00
MELBOURNE,2024,7,1025230.00,1004008.00,2029238.00,541813.00,454904.00,996717.00,1567043.00,1458912.00,3025955.00
MELBOURNE,2024,8,974574.00,976881.00,1951455.00,457352.00,464979.00,922331.00,1431926.00,1441860.00,2873786.00
MELBOURNE,2024,9,990948.00,1014630.00,2005578.00,478422.00,498163.00,976585.00,1469370.00,1512793.00,2982163.00
MELBOURNE,2024,10,1089673.00,1061218.00,2150891.00,529782.00,440179.00,969961.00,1619455.00,1501397.00,3120852.00
MELBOURNE,2024,11,1037770.00,1029025.00,2066795.00,465419.00,484580.00,949999.00,1503189.00,1513605.00,3016794.00
MELBOURNE,2024,12,1025797.00,1050246.00,2076043.00,517804.00,635978.00,1153782.00,1543601.00,1686224.00,3229825.00
MELBOURNE,2025,1,1083639.00,1047675.00,2131314.00,677817.00,575267.00,1253084.00,1761456.00,1622942.00,3384398.00
MELBOURNE,2025,2,886247.00,898423.00,1784670.00,528877.00,409925.00,938802.00,1415124.00,1308348.00,2723472.00
MELBOURNE,2025,3,988838.00,1001238.00,1990076.00,468957.00,462316.00,931273.00,1457795.00,1463554.00,2921349.00
MELBOURNE,2025,4,1032849.00,1029293.00,2062142.00,493707.00,528917.00,1022624.00,1526556.00,1558210.00,3084766.00
MELBOURNE,2025,5,953304.00,956905.00,1910209.00,449863.00,460578.00,910441.00,1403167.00,1417483.00,2820650.00
MELBOURNE,2025,6,911611.00,928846.00,1840457.00,438513.00,499735.00,938248.00,1350124.00,1428581.00,2778705.00
NEWCASTLE,2009,1,51819.00,51575.00,103394.00,0.00,0.00,0.00,51819.00,51575.00,103394.00
NEWCASTLE,2009,2,43177.00,42024.00,85201.00,0.00,0.00,0.00,43177.00,42024.00,85201.00
NEWCASTLE,2009,3,49738.00,48281.00,98019.00,0.00,0.00,0.00,49738.00,48281.00,98019.00
NEWCASTLE,2009,4,49517.00,48395.00,97912.00,0.00,0.00,0.00,49517.00,48395.00,97912.00
NEWCASTLE,2009,5,47721.00,47047.00,94768.00,0.00,0.00,0.00,47721.00,47047.00,94768.00
NEWCASTLE,2009,6,43145.00,41421.00,84566.00,0.00,0.00,0.00,43145.00,41421.00,84566.00
NEWCASTLE,2009,7,48327.00,48162.00,96489.00,0.00,0.00,0.00,48327.00,48162.00,96489.00
NEWCASTLE,2009,8,47565.00,46462.00,94027.00,0.00,0.00,0.00,47565.00,46462.00,94027.00
NEWCASTLE,2009,9,47397.00,45893.00,93290.00,0.00,0.00,0.00,47397.00,45893.00,93290.00
NEWCASTLE,2009,10,51128.00,49831.00,100959.00,0.00,0.00,0.00,51128.00,49831.00,100959.00
NEWCASTLE,2009,11,48469.00,47832.00,96301.00,0.00,0.00,0.00,48469.00,47832.00,96301.00
NEWCASTLE,2009,12,47540.00,45271.00,92811.00,0.00,0.00,0.00,47540.00,45271.00,92811.00
NEWCASTLE,2010,1,45797.00,45624.00,91421.00,0.00,0.00,0.00,45797.00,45624.00,91421.00
NEWCASTLE,2010,2,42718.00,41936.00,84654.00,0.00,0.00,0.00,42718.00,41936.00,84654.00
NEWCASTLE,2010,3,50078.00,48621.00,98699.00,0.00,0.00,0.00,50078.00,48621.00,98699.00
NEWCASTLE,2010,4,48456.00,48416.00,96872.00,0.00,0.00,0.00,48456.00,48416.00,96872.00
NEWCASTLE,2010,5,46530.00,45764.00,92294.00,0.00,0.00,0.00,46530.00,45764.00,92294.00
NEWCASTLE,2010,6,45458.00,44159.00,89617.00,0.00,0.00,0.00,45458.00,44159.00,89617.00
NEWCASTLE,2010,7,50443.00,51540.00,101983.00,0.00,0.00,0.00,50443.00,51540.00,101983.00
NEWCASTLE,2010,8,49383.00,48098.00,97481.00,0.00,0.00,0.00,49383.00,48098.00,97481.00
NEWCASTLE,2010,9,50720.00,51415.00,102135.00,0.00,0.00,0.00,50720.00,51415.00,102135.00
NEWCASTLE,2010,10,56398.00,55577.00,111975.00,0.00,0.00,0.00,56398.00,55577.00,111975.00
NEWCASTLE,2010,11,53477.00,54025.00,107502.00,0.00,0.00,0.00,53477.00,54025.00,107502.00
NEWCASTLE,2010,12,57032.00,54344.00,111376.00,0.00,0.00,0.00,57032.00,54344.00,111376.00
NEWCASTLE,2011,1,52920.00,52748.00,105668.00,0.00,0.00,0.00,52920.00,52748.00,105668.00
NEWCASTLE,2011,2,43956.00,44185.00,88141.00,0.00,0.00,0.00,43956.00,44185.00,88141.00
NEWCASTLE,2011,3,50812.00,51146.00,101958.00,0.00,0.00,0.00,50812.00,51146.00,101958.00
NEWCASTLE,2011,4,50766.00,50560.00,101326.00,0.00,0.00,0.00,50766.00,50560.00,101326.00
NEWCASTLE,2011,5,47891.00,48428.00,96319.00,0.00,0.00,0.00,47891.00,48428.00,96319.00
NEWCASTLE,2011,6,42562.00,42876.00,85438.00,0.00,0.00,0.00,42562.00,42876.00,85438.00
NEWCASTLE,2011,7,50065.00,50800.00,100865.00,0.00,0.00,0.00,50065.00,50800.00,100865.00
NEWCASTLE,2011,8, 49 591, 49 141, 98 732,0.00,0.00,0.00,49591.00,49141.00,98732.00
NEWCASTLE,2011,9,50244.00,51041.00,101285.00,0.00,0.00,0.00,50244.00,51041.00,101285.00
NEWCASTLE,2011,10,54573.00,54387.00,108960.00,0.00,0.00,0.00,54573.00,54387.00,108960.00
NEWCASTLE,2011,11,50645.00,51015.00,101660.00,0.00,0.00,0.00,50645.00,51015.00,101660.00
NEWCASTLE,2011,12,51083.00,49724.00,100807.00,0.00,0.00,0.00,51083.00,49724.00,100807.00
NEWCASTLE,2012,1,49790.00,51020.00,100810.00,0.00,0.00,0.00,49790.00,51020.00,100810.00
NEWCASTLE,2012,2,45246.00,45691.00,90937.00,0.00,0.00,0.00,45246.00,45691.00,90937.00
NEWCASTLE,2012,3,52116.00,51954.00,104070.00,0.00,0.00,0.00,52116.00,51954.00,104070.00
NEWCASTLE,2012,4,48292.00,48472.00,96764.00,0.00,0.00,0.00,48292.00,48472.00,96764.00
NEWCASTLE,2012,5,49194.00,49299.00,98493.00,0.00,0.00,0.00,49194.00,49299.00,98493.00
NEWCASTLE,2012,6,45024.00,45769.00,90793.00,0.00,0.00,0.00,45024.00,45769.00,90793.00
NEWCASTLE,2012,7,49547.00,49194.00,98741.00,0.00,0.00,0.00,49547.00,49194.00,98741.00
NEWCASTLE,2012,8,47917.00,48401.00,96318.00,0.00,0.00,0.00,47917.00,48401.00,96318.00
NEWCASTLE,2012,9,49514.00,50569.00,100083.00,0.00,0.00,0.00,49514.00,50569.00,100083.00
NEWCASTLE,2012,10,52465.00,52025.00,104490.00,0.00,0.00,0.00,52465.00,52025.00,104490.00
NEWCASTLE,2012,11,51326.00,51672.00,102998.00,0.00,0.00,0.00,51326.00,51672.00,102998.00
NEWCASTLE,2012,12,50780.00,49146.00,99926.00,0.00,0.00,0.00,50780.00,49146.00,99926.00
NEWCASTLE,2013,1,48720.00,49719.00,98439.00,0.00,0.00,0.00,48720.00,49719.00,98439.00
NEWCASTLE,2013,2,43551.00,44133.00,87684.00,0.00,0.00,0.00,43551.00,44133.00,87684.00
NEWCASTLE,2013,3,51331.00,50302.00,101633.00,0.00,0.00,0.00,51331.00,50302.00,101633.00
NEWCASTLE,2013,4,50378.00,51919.00,102297.00,0.00,0.00,0.00,50378.00,51919.00,102297.00
NEWCASTLE,2013,5,47199.00,47472.00,94671.00,0.00,0.00,0.00,47199.00,47472.00,94671.00
NEWCASTLE,2013,6,45361.00,45416.00,90777.00,0.00,0.00,0.00,45361.00,45416.00,90777.00
NEWCASTLE,2013,7,51960.00,52133.00,104093.00,0.00,0.00,0.00,51960.00,52133.00,104093.00
NEWCASTLE,2013,8,50219.00,50413.00,100632.00,0.00,0.00,0.00,50219.00,50413.00,100632.00
NEWCASTLE,2013,9,51392.00,52515.00,103907.00,0.00,0.00,0.00,51392.00,52515.00,103907.00
NEWCASTLE,2013,10,54572.00,54561.00,109133.00,0.00,0.00,0.00,54572.00,54561.00,109133.00
NEWCASTLE,2013,11,54211.00,53566.00,107777.00,0.00,0.00,0.00,54211.00,53566.00,107777.00
NEWCASTLE,2013,12,53282.00,52192.00,105474.00,0.00,0.00,0.00,53282.00,52192.00,105474.00
NEWCASTLE,2014,1,50137.00,51529.00,101666.00,0.00,0.00,0.00,50137.00,51529.00,101666.00
NEWCASTLE,2014,2,42668.00,43461.00,86129.00,0.00,0.00,0.00,42668.00,43461.00,86129.00
NEWCASTLE,2014,3,50262.00,50391.00,100653.00,0.00,0.00,0.00,50262.00,50391.00,100653.00
NEWCASTLE,2014,4,47587.00,47954.00,95541.00,0.00,0.00,0.00,47587.00,47954.00,95541.00
NEWCASTLE,2014,5,46954.00,47987.00,94941.00,0.00,0.00,0.00,46954.00,47987.00,94941.00
NEWCASTLE,2014,6,45169.00,45097.00,90266.00,0.00,0.00,0.00,45169.00,45097.00,90266.00
NEWCASTLE,2014,7,50510.00,51019.00,101529.00,0.00,0.00,0.00,50510.00,51019.00,101529.00
NEWCASTLE,2014,8,48803.00,48481.00,97284.00,0.00,0.00,0.00,48803.00,48481.00,97284.00
NEWCASTLE,2014,9,49730.00,50530.00,100260.00,0.00,0.00,0.00,49730.00,50530.00,100260.00
NEWCASTLE,2014,10,53687.00,53479.00,107166.00,0.00,0.00,0.00,53687.00,53479.00,107166.00
NEWCASTLE,2014,11,48507.00,48757.00,97264.00,0.00,0.00,0.00,48507.00,48757.00,97264.00
NEWCASTLE,2014,12,48887.00,46957.00,95844.00,0.00,0.00,0.00,48887.00,46957.00,95844.00
NEWCASTLE,2015,1,45820.00,47358.00,93178.00,0.00,0.00,0.00,45820.00,47358.00,93178.00
NEWCASTLE,2015,2,39828.00,40397.00,80225.00,0.00,0.00,0.00,39828.00,40397.00,80225.00
NEWCASTLE,2015,3,46998.00,46902.00,93900.00,0.00,0.00,0.00,46998.00,46902.00,93900.00
NEWCASTLE,2015,4,46382.00,46468.00,92850.00,0.00,0.00,0.00,46382.00,46468.00,92850.00
NEWCASTLE,2015,5,46585.00,46832.00,93417.00,0.00,0.00,0.00,46585.00,46832.00,93417.00
NEWCASTLE,2015,6,45252.00,45669.00,90921.00,0.00,0.00,0.00,45252.00,45669.00,90921.00
NEWCASTLE,2015,7,51791.00,52088.00,103879.00,0.00,0.00,0.00,51791.00,52088.00,103879.00
NEWCASTLE,2015,8,48158.00,47567.00,95725.00,0.00,0.00,0.00,48158.00,47567.00,95725.00
NEWCASTLE,2015,9,49787.00,50528.00,100315.00,0.00,0.00,0.00,49787.00,50528.00,100315.00
NEWCASTLE,2015,10,53226.00,53114.00,106340.00,0.00,0.00,0.00,53226.00,53114.00,106340.00
NEWCASTLE,2015,11,49346.00,50066.00,99412.00,0.00,0.00,0.00,49346.00,50066.00,99412.00
NEWCASTLE,2015,12,50922.00,49590.00,100512.00,0.00,0.00,0.00,50922.00,49590.00,100512.00
NEWCASTLE,2016,1,46952.00,48275.00,95227.00,0.00,0.00,0.00,46952.00,48275.00,95227.00
NEWCASTLE,2016,2,44280.00,45153.00,89433.00,0.00,0.00,0.00,44280.00,45153.00,89433.00
NEWCASTLE,2016,3,50766.00,50326.00,101092.00,0.00,0.00,0.00,50766.00,50326.00,101092.00
NEWCASTLE,2016,4,46121.00,48685.00,94806.00,0.00,0.00,0.00,46121.00,48685.00,94806.00
NEWCASTLE,2016,5,47968.00,47961.00,95929.00,0.00,0.00,0.00,47968.00,47961.00,95929.00
NEWCASTLE,2016,6,46132.00,46062.00,92194.00,0.00,0.00,0.00,46132.00,46062.00,92194.00
NEWCASTLE,2016,7,52867.00,53175.00,106042.00,0.00,0.00,0.00,52867.00,53175.00,106042.00
NEWCASTLE,2016,8,50653.00,50216.00,100869.00,0.00,0.00,0.00,50653.00,50216.00,100869.00
NEWCASTLE,2016,9,53555.00,54507.00,108062.00,0.00,0.00,0.00,53555.00,54507.00,108062.00
NEWCASTLE,2016,10,57411.00,56414.00,113825.00,0.00,0.00,0.00,57411.00,56414.00,113825.00
NEWCASTLE,2016,11,52703.00,53000.00,105703.00,0.00,0.00,0.00,52703.00,53000.00,105703.00
NEWCASTLE,2016,12,54559.00,53371.00,107930.00,0.00,0.00,0.00,54559.00,53371.00,107930.00
NEWCASTLE,2017,1,54287.00,54089.00,108376.00,0.00,0.00,0.00,54287.00,54089.00,108376.00
NEWCASTLE,2017,2,44928.00,44996.00,89924.00,0.00,0.00,0.00,44928.00,44996.00,89924.00
NEWCASTLE,2017,3,51795.00,52664.00,104459.00,0.00,0.00,0.00,51795.00,52664.00,104459.00
NEWCASTLE,2017,4,54660.00,53913.00,108573.00,0.00,0.00,0.00,54660.00,53913.00,108573.00
NEWCASTLE,2017,5,49583.00,50483.00,100066.00,0.00,0.00,0.00,49583.00,50483.00,100066.00
NEWCASTLE,2017,6,47872.00,47860.00,95732.00,0.00,0.00,0.00,47872.00,47860.00,95732.00
NEWCASTLE,2017,7,54242.00,54374.00,108616.00,0.00,0.00,0.00,54242.00,54374.00,108616.00
NEWCASTLE,2017,8,49586.00,49587.00,99173.00,0.00,0.00,0.00,49586.00,49587.00,99173.00
NEWCASTLE,2017,9,54789.00,55360.00,110149.00,0.00,0.00,0.00,54789.00,55360.00,110149.00
NEWCASTLE,2017,10,58070.00,58060.00,116130.00,0.00,0.00,0.00,58070.00,58060.00,116130.00
NEWCASTLE,2017,11,55762.00,55651.00,111413.00,0.00,0.00,0.00,55762.00,55651.00,111413.00
NEWCASTLE,2017,12,56807.00,55893.00,112700.00,0.00,0.00,0.00,56807.00,55893.00,112700.00
NEWCASTLE,2018,1,52052.00,52721.00,104773.00,0.00,0.00,0.00,52052.00,52721.00,104773.00
NEWCASTLE,2018,2,46282.00,46490.00,92772.00,0.00,0.00,0.00,46282.00,46490.00,92772.00
NEWCASTLE,2018,3,53843.00,53255.00,107098.00,0.00,0.00,0.00,53843.00,53255.00,107098.00
NEWCASTLE,2018,4,51911.00,53359.00,105270.00,0.00,0.00,0.00,51911.00,53359.00,105270.00
NEWCASTLE,2018,5,51059.00,50825.00,101884.00,0.00,0.00,0.00,51059.00,50825.00,101884.00
NEWCASTLE,2018,6,47515.00,47511.00,95026.00,0.00,0.00,0.00,47515.00,47511.00,95026.00
NEWCASTLE,2018,7,54305.00,54782.00,109087.00,0.00,0.00,0.00,54305.00,54782.00,109087.00
NEWCASTLE,2018,8,51834.00,51579.00,103413.00,0.00,0.00,0.00,51834.00,51579.00,103413.00
NEWCASTLE,2018,9,50936.00,50634.00,101570.00,0.00,0.00,0.00,50936.00,50634.00,101570.00
NEWCASTLE,2018,10,55775.00,56109.00,111884.00,0.00,0.00,0.00,55775.00,56109.00,111884.00
NEWCASTLE,2018,11,55787.00,56252.00,112039.00,295.00,279.00,574.00,56082.00,56531.00,112613.00
NEWCASTLE,2018,12,53528.00,52785.00,106313.00,1004.00,1162.00,2166.00,54532.00,53947.00,108479.00
NEWCASTLE,2019,1,53197.00,53766.00,106963.00,1575.00,1278.00,2853.00,54772.00,55044.00,109816.00
NEWCASTLE,2019,2,45697.00,46100.00,91797.00,619.00,475.00,1094.00,46316.00,46575.00,92891.00
NEWCASTLE,2019,3,53342.00,53523.00,106865.00,0.00,0.00,0.00,53342.00,53523.00,106865.00
NEWCASTLE,2019,4,53436.00,53930.00,107366.00,0.00,0.00,0.00,53436.00,53930.00,107366.00
NEWCASTLE,2019,5,51067.00,51398.00,102465.00,0.00,0.00,0.00,51067.00,51398.00,102465.00
NEWCASTLE,2019,6,49209.00,48677.00,97886.00,0.00,0.00,0.00,49209.00,48677.00,97886.00
NEWCASTLE,2019,7,54497.00,55290.00,109787.00,0.00,0.00,0.00,54497.00,55290.00,109787.00
NEWCASTLE,2019,8,52640.00,51999.00,104639.00,0.00,0.00,0.00,52640.00,51999.00,104639.00
NEWCASTLE,2019,9,53249.00,53411.00,106660.00,0.00,0.00,0.00,53249.00,53411.00,106660.00
NEWCASTLE,2019,10,59321.00,59179.00,118500.00,0.00,0.00,0.00,59321.00,59179.00,118500.00
NEWCASTLE,2019,11,55892.00,55878.00,111770.00,265.00,364.00,629.00,56157.00,56242.00,112399.00
NEWCASTLE,2019,12,53867.00,52369.00,106236.00,1225.00,1323.00,2548.00,55092.00,53692.00,108784.00
NEWCASTLE,2020,1,52332.00,52937.00,105269.00,1665.00,1425.00,3090.00,53997.00,54362.00,108359.00
NEWCASTLE,2020,2,46233.00,46207.00,92440.00,625.00,479.00,1104.00,46858.00,46686.00,93544.00
NEWCASTLE,2020,3,31344.00,30200.00,61544.00,0.00,0.00,0.00,31344.00,30200.00,61544.00
NEWCASTLE,2020,4,247.00,189.00,436.00,0.00,0.00,0.00,247.00,189.00,436.00
NEWCASTLE,2020,5,202.00,203.00,405.00,0.00,0.00,0.00,202.00,203.00,405.00
NEWCASTLE,2020,6,1087.00,1016.00,2103.00,0.00,0.00,0.00,1087.00,1016.00,2103.00
NEWCASTLE,2020,7,7474.00,8291.00,15765.00,0.00,0.00,0.00,7474.00,8291.00,15765.00
NEWCASTLE,2020,8,3077.00,2296.00,5373.00,0.00,0.00,0.00,3077.00,2296.00,5373.00
NEWCASTLE,2020,9,812.00,823.00,1635.00,0.00,0.00,0.00,812.00,823.00,1635.00
NEWCASTLE,2020,10,1179.00,914.00,2093.00,0.00,0.00,0.00,1179.00,914.00,2093.00
NEWCASTLE,2020,11,15158.00,15305.00,30463.00,0.00,0.00,0.00,15158.00,15305.00,30463.00
NEWCASTLE,2020,12,31394.00,32309.00,63703.00,0.00,0.00,0.00,31394.00,32309.00,63703.00
NEWCASTLE,2021,1,18498.00,18060.00,36558.00,0.00,0.00,0.00,18498.00,18060.00,36558.00
NEWCASTLE,2021,2,23499.00,24066.00,47565.00,0.00,0.00,0.00,23499.00,24066.00,47565.00
NEWCASTLE,2021,3,31863.00,31887.00,63750.00,0.00,0.00,0.00,31863.00,31887.00,63750.00
NEWCASTLE,2021,4,39497.00,39748.00,79245.00,0.00,0.00,0.00,39497.00,39748.00,79245.00
NEWCASTLE,2021,5,38360.00,38721.00,77081.00,0.00,0.00,0.00,38360.00,38721.00,77081.00
NEWCASTLE,2021,6,27885.00,29026.00,56911.00,0.00,0.00,0.00,27885.00,29026.00,56911.00
NEWCASTLE,2021,7,13291.00,11879.00,25170.00,0.00,0.00,0.00,13291.00,11879.00,25170.00
NEWCASTLE,2021,8,1301.00,984.00,2285.00,0.00,0.00,0.00,1301.00,984.00,2285.00
NEWCASTLE,2021,9,831.00,603.00,1434.00,0.00,0.00,0.00,831.00,603.00,1434.00
NEWCASTLE,2021,10,1504.00,1372.00,2876.00,0.00,0.00,0.00,1504.00,1372.00,2876.00
NEWCASTLE,2021,11,9886.00,9765.00,19651.00,0.00,0.00,0.00,9886.00,9765.00,19651.00
NEWCASTLE,2021,12,23849.00,23949.00,47798.00,0.00,0.00,0.00,23849.00,23949.00,47798.00
NEWCASTLE,2022,1,26741.00,27333.00,54074.00,0.00,0.00,0.00,26741.00,27333.00,54074.00
NEWCASTLE,2022,2,26946.00,27306.00,54252.00,0.00,0.00,0.00,26946.00,27306.00,54252.00
NEWCASTLE,2022,3,39436.00,39485.00,78921.00,0.00,0.00,0.00,39436.00,39485.00,78921.00
NEWCASTLE,2022,4,53597.00,53244.00,106841.00,0.00,0.00,0.00,53597.00,53244.00,106841.00
NEWCASTLE,2022,5,46049.00,46899.00,92948.00,0.00,0.00,0.00,46049.00,46899.00,92948.00
NEWCASTLE,2022,6,43845.00,43965.00,87810.00,0.00,0.00,0.00,43845.00,43965.00,87810.00
NEWCASTLE,2022,7,45478.00,46645.00,92123.00,0.00,0.00,0.00,45478.00,46645.00,92123.00
NEWCASTLE,2022,8,42540.00,42309.00,84849.00,0.00,0.00,0.00,42540.00,42309.00,84849.00
NEWCASTLE,2022,9,45920.00,47185.00,93105.00,0.00,0.00,0.00,45920.00,47185.00,93105.00
NEWCASTLE,2022,10,49971.00,48395.00,98366.00,0.00,0.00,0.00,49971.00,48395.00,98366.00
NEWCASTLE,2022,11,47167.00,47413.00,94580.00,0.00,0.00,0.00,47167.00,47413.00,94580.00
NEWCASTLE,2022,12,43492.00,41951.00,85443.00,0.00,0.00,0.00,43492.00,41951.00,85443.00
NEWCASTLE,2023,1,42531.00,42760.00,85291.00,0.00,0.00,0.00,42531.00,42760.00,85291.00
NEWCASTLE,2023,2,38929.00,39363.00,78292.00,0.00,0.00,0.00,38929.00,39363.00,78292.00
NEWCASTLE,2023,3,47410.00,47959.00,95369.00,0.00,0.00,0.00,47410.00,47959.00,95369.00
NEWCASTLE,2023,4,48406.00,48215.00,96621.00,0.00,0.00,0.00,48406.00,48215.00,96621.00
NEWCASTLE,2023,5,47200.00,47583.00,94783.00,0.00,0.00,0.00,47200.00,47583.00,94783.00
NEWCASTLE,2023,6,45514.00,45830.00,91344.00,0.00,0.00,0.00,45514.00,45830.00,91344.00
NEWCASTLE,2023,7,51559.00,52371.00,103930.00,0.00,0.00,0.00,51559.00,52371.00,103930.00
NEWCASTLE,2023,8,49184.00,48597.00,97781.00,0.00,0.00,0.00,49184.00,48597.00,97781.00
NEWCASTLE,2023,9,51857.00,52814.00,104671.00,0.00,0.00,0.00,51857.00,52814.00,104671.00
NEWCASTLE,2023,10,55192.00,53632.00,108824.00,0.00,0.00,0.00,55192.00,53632.00,108824.00
NEWCASTLE,2023,11,52195.00,52542.00,104737.00,0.00,0.00,0.00,52195.00,52542.00,104737.00
NEWCASTLE,2023,12,50426.00,49127.00,99553.00,0.00,0.00,0.00,50426.00,49127.00,99553.00
NEWCASTLE,2024,1,45851.00,46678.00,92529.00,0.00,0.00,0.00,45851.00,46678.00,92529.00
NEWCASTLE,2024,2,46964.00,47233.00,94197.00,0.00,0.00,0.00,46964.00,47233.00,94197.00
NEWCASTLE,2024,3,51856.00,51103.00,102959.00,0.00,0.00,0.00,51856.00,51103.00,102959.00
NEWCASTLE,2024,4,51219.00,52873.00,104092.00,0.00,0.00,0.00,51219.00,52873.00,104092.00
NEWCASTLE,2024,5,48387.00,48714.00,97101.00,0.00,0.00,0.00,48387.00,48714.00,97101.00
NEWCASTLE,2024,6,45854.00,44939.00,90793.00,0.00,0.00,0.00,45854.00,44939.00,90793.00
NEWCASTLE,2024,7,50407.00,51700.00,102107.00,0.00,0.00,0.00,50407.00,51700.00,102107.00
NEWCASTLE,2024,8,51082.00,50807.00,101889.00,0.00,0.00,0.00,51082.00,50807.00,101889.00
NEWCASTLE,2024,9,51884.00,51647.00,103531.00,0.00,0.00,0.00,51884.00,51647.00,103531.00
NEWCASTLE,2024,10,55515.00,54621.00,110136.00,0.00,0.00,0.00,55515.00,54621.00,110136.00
NEWCASTLE,2024,11,51253.00,51098.00,102351.00,0.00,0.00,0.00,51253.00,51098.00,102351.00
NEWCASTLE,2024,12,50095.00,48339.00,98434.00,0.00,0.00,0.00,50095.00,48339.00,98434.00
NEWCASTLE,2025,1,46382.00,47121.00,93503.00,0.00,0.00,0.00,46382.00,47121.00,93503.00
NEWCASTLE,2025,2,43921.00,44118.00,88039.00,0.00,0.00,0.00,43921.00,44118.00,88039.00
NEWCASTLE,2025,3,46760.00,47148.00,93908.00,0.00,0.00,0.00,46760.00,47148.00,93908.00
NEWCASTLE,2025,4,49922.00,50448.00,100370.00,0.00,0.00,0.00,49922.00,50448.00,100370.00
NEWCASTLE,2025,5,47037.00,47520.00,94557.00,0.00,0.00,0.00,47037.00,47520.00,94557.00
NEWCASTLE,2025,6,47586.00,47297.00,94883.00,0.00,0.00,0.00,47586.00,47297.00,94883.00
PERTH,2009,1,284420.00,288108.00,572528.00,145541.00,115339.00,260880.00,429961.00,403447.00,833408.00
PERTH,2009,2,240828.00,246457.00,487285.00,108734.00,82162.00,190896.00,349562.00,328619.00,678181.00
PERTH,2009,3,290377.00,290272.00,580649.00,101113.00,102056.00,203169.00,391490.00,392328.00,783818.00
PERTH,2009,4,289319.00,288945.00,578264.00,108813.00,114652.00,223465.00,398132.00,403597.00,801729.00
PERTH,2009,5,273757.00,276679.00,550436.00,91788.00,105108.00,196896.00,365545.00,381787.00,747332.00
PERTH,2009,6,263657.00,260439.00,524096.00,98608.00,114593.00,213201.00,362265.00,375032.00,737297.00
PERTH,2009,7,300210.00,303804.00,604014.00,128152.00,112281.00,240433.00,428362.00,416085.00,844447.00
PERTH,2009,8,287863.00,285473.00,573336.00,110726.00,106906.00,217632.00,398589.00,392379.00,790968.00
PERTH,2009,9,292571.00,296351.00,588922.00,121982.00,120913.00,242895.00,414553.00,417264.00,831817.00
PERTH,2009,10,308512.00,308055.00,616567.00,143712.00,114485.00,258197.00,452224.00,422540.00,874764.00
PERTH,2009,11,287543.00,289705.00,577248.00,124069.00,119648.00,243717.00,411612.00,409353.00,820965.00
PERTH,2009,12,296308.00,291384.00,587692.00,128445.00,154911.00,283356.00,424753.00,446295.00,871048.00
PERTH,2010,1,286464.00,288436.00,574900.00,162965.00,132416.00,295381.00,449429.00,420852.00,870281.00
PERTH,2010,2,257710.00,260696.00,518406.00,121055.00,104937.00,225992.00,378765.00,365633.00,744398.00
PERTH,2010,3,310802.00,308441.00,619243.00,123514.00,128335.00,251849.00,434316.00,436776.00,871092.00
PERTH,2010,4,302872.00,302407.00,605279.00,120962.00,123936.00,244898.00,423834.00,426343.00,850177.00
PERTH,2010,5,287923.00,286187.00,574110.00,104309.00,114443.00,218752.00,392232.00,400630.00,792862.00
PERTH,2010,6,287123.00,283871.00,570994.00,115473.00,143302.00,258775.00,402596.00,427173.00,829769.00
PERTH,2010,7,318123.00,322413.00,640536.00,152709.00,129033.00,281742.00,470832.00,451446.00,922278.00
PERTH,2010,8,308752.00,304122.00,612874.00,124979.00,124766.00,249745.00,433731.00,428888.00,862619.00
PERTH,2010,9,318333.00,314362.00,632695.00,135453.00,138472.00,273925.00,453786.00,452834.00,906620.00
PERTH,2010,10,334601.00,336074.00,670675.00,159154.00,123118.00,282272.00,493755.00,459192.00,952947.00
PERTH,2010,11,319379.00,318384.00,637763.00,126434.00,125609.00,252043.00,445813.00,443993.00,889806.00
PERTH,2010,12,334075.00,328303.00,662378.00,132438.00,165897.00,298335.00,466513.00,494200.00,960713.00
PERTH,2011,1,314220.00,319155.00,633375.00,181208.00,142653.00,323861.00,495428.00,461808.00,957236.00
PERTH,2011,2,274070.00,276149.00,550219.00,132824.00,109037.00,241861.00,406894.00,385186.00,792080.00
PERTH,2011,3,330530.00,331084.00,661614.00,123725.00,124375.00,248100.00,454255.00,455459.00,909714.00
PERTH,2011,4,329318.00,332212.00,661530.00,128507.00,145585.00,274092.00,457825.00,477797.00,935622.00
PERTH,2011,5,334896.00,330573.00,665469.00,126487.00,127062.00,253549.00,461383.00,457635.00,919018.00
PERTH,2011,6,309801.00,305518.00,615319.00,122825.00,142806.00,265631.00,432626.00,448324.00,880950.00
PERTH,2011,7,350500.00,356774.00,707274.00,161562.00,144998.00,306560.00,512062.00,501772.00,1013834.00
PERTH,2011,8,351078.00,345010.00,696088.00,139530.00,127583.00,267113.00,490608.00,472593.00,963201.00
PERTH,2011,9,346669.00,345169.00,691838.00,140559.00,144486.00,285045.00,487228.00,489655.00,976883.00
PERTH,2011,10,352748.00,356350.00,709098.00,165756.00,135565.00,301321.00,518504.00,491915.00,1010419.00
PERTH,2011,11,358408.00,357742.00,716150.00,137757.00,132561.00,270318.00,496165.00,490303.00,986468.00
PERTH,2011,12,360465.00,347593.00,708058.00,136199.00,175818.00,312017.00,496664.00,523411.00,1020075.00
PERTH,2012,1,352760.00,360850.00,713610.00,188945.00,147847.00,336792.00,541705.00,508697.00,1050402.00
PERTH,2012,2,325182.00,329065.00,654247.00,144942.00,116154.00,261096.00,470124.00,445219.00,915343.00
PERTH,2012,3,372895.00,368765.00,741660.00,139493.00,142470.00,281963.00,512388.00,511235.00,1023623.00
PERTH,2012,4,369818.00,366259.00,736077.00,146446.00,153732.00,300178.00,516264.00,519991.00,1036255.00
PERTH,2012,5,368165.00,369693.00,737858.00,123171.00,135126.00,258297.00,491336.00,504819.00,996155.00
PERTH,2012,6,360736.00,354342.00,715078.00,134790.00,154268.00,289058.00,495526.00,508610.00,1004136.00
PERTH,2012,7,398586.00,400597.00,799183.00,173443.00,149645.00,323088.00,572029.00,550242.00,1122271.00
PERTH,2012,8,387883.00,387138.00,775021.00,144289.00,142521.00,286810.00,532172.00,529659.00,1061831.00
PERTH,2012,9,384328.00,379508.00,763836.00,155108.00,155652.00,310760.00,539436.00,535160.00,1074596.00
PERTH,2012,10,413707.00,419032.00,832739.00,183232.00,146786.00,330018.00,596939.00,565818.00,1162757.00
PERTH,2012,11,386062.00,384542.00,770604.00,147270.00,146048.00,293318.00,533332.00,530590.00,1063922.00
PERTH,2012,12,380373.00,379285.00,759658.00,150447.00,196943.00,347390.00,530820.00,576228.00,1107048.00
PERTH,2013,1,373730.00,383134.00,756864.00,208925.00,159037.00,367962.00,582655.00,542171.00,1124826.00
PERTH,2013,2,322002.00,320456.00,642458.00,152007.00,126370.00,278377.00,474009.00,446826.00,920835.00
PERTH,2013,3,381463.00,380000.00,761463.00,151995.00,151384.00,303379.00,533458.00,531384.00,1064842.00
PERTH,2013,4,381375.00,393724.00,775099.00,143640.00,162889.00,306529.00,525015.00,556613.00,1081628.00
PERTH,2013,5,380024.00,373231.00,753255.00,144424.00,147124.00,291548.00,524448.00,520355.00,1044803.00
PERTH,2013,6,357261.00,342828.00,700089.00,141523.00,160898.00,302421.00,498784.00,503726.00,1002510.00
PERTH,2013,7,398806.00,412089.00,810895.00,187095.00,169847.00,356942.00,585901.00,581936.00,1167837.00
PERTH,2013,8,373945.00,373517.00,747462.00,161495.00,159005.00,320500.00,535440.00,532522.00,1067962.00
PERTH,2013,9,373714.00,373591.00,747305.00,166260.00,169413.00,335673.00,539974.00,543004.00,1082978.00
PERTH,2013,10,403993.00,403832.00,807825.00,196425.00,152043.00,348468.00,600418.00,555875.00,1156293.00
PERTH,2013,11,363121.00,362817.00,725938.00,156917.00,153245.00,310162.00,520038.00,516062.00,1036100.00
PERTH,2013,12,377892.00,375327.00,753219.00,170531.00,227348.00,397879.00,548423.00,602675.00,1151098.00
PERTH,2014,1,373794.00,384806.00,758600.00,244756.00,188565.00,433321.00,618550.00,573371.00,1191921.00
PERTH,2014,2,323572.00,327180.00,650752.00,165809.00,138879.00,304688.00,489381.00,466059.00,955440.00
PERTH,2014,3,368083.00,363511.00,731594.00,157118.00,158112.00,315230.00,525201.00,521623.00,1046824.00
PERTH,2014,4,381317.00,385947.00,767264.00,174325.00,184451.00,358776.00,555642.00,570398.00,1126040.00
PERTH,2014,5,350939.00,355327.00,706266.00,142723.00,158400.00,301123.00,493662.00,513727.00,1007389.00
PERTH,2014,6,342876.00,330153.00,673029.00,145966.00,170833.00,316799.00,488842.00,500986.00,989828.00
PERTH,2014,7,377458.00,391848.00,769306.00,205965.00,178812.00,384777.00,583423.00,570660.00,1154083.00
PERTH,2014,8,361356.00,358479.00,719835.00,163905.00,166519.00,330424.00,525261.00,524998.00,1050259.00
PERTH,2014,9,362782.00,366423.00,729205.00,179961.00,181406.00,361367.00,542743.00,547829.00,1090572.00
PERTH,2014,10,398992.00,401561.00,800553.00,204204.00,158932.00,363136.00,603196.00,560493.00,1163689.00
PERTH,2014,11, 356 660, 355 399, 712 059,158386.00,156950.00,315336.00,515046.00,512349.00,1027395.00
PERTH,2014,12,369737.00,370319.00,740056.00,173480.00,221950.00,395430.00,543217.00,592269.00,1135486.00
PERTH,2015,1,351624.00,358420.00,710044.00,238626.00,184382.00,423008.00,590250.00,542802.00,1133052.00
PERTH,2015,2,302620.00,312158.00,614778.00,169685.00,144653.00,314338.00,472305.00,456811.00,929116.00
PERTH,2015,3,359400.00,351127.00,710527.00,160418.00,167454.00,327872.00,519818.00,518581.00,1038399.00
PERTH,2015,4,363209.00,360074.00,723283.00,168302.00,173956.00,342258.00,531511.00,534030.00,1065541.00
PERTH,2015,5,331242.00,334104.00,665346.00,143271.00,158138.00,301409.00,474513.00,492242.00,966755.00
PERTH,2015,6,334331.00,315818.00,650149.00,147906.00,177716.00,325622.00,482237.00,493534.00,975771.00
PERTH,2015,7,373233.00,391420.00,764653.00,204453.00,182039.00,386492.00,577686.00,573459.00,1151145.00
PERTH,2015,8,345804.00,339311.00,685115.00,168066.00,167076.00,335142.00,513870.00,506387.00,1020257.00
PERTH,2015,9,345190.00,354353.00,699543.00,175801.00,178626.00,354427.00,520991.00,532979.00,1053970.00
PERTH,2015,10,376349.00,371879.00,748228.00,201257.00,159865.00,361122.00,577606.00,531744.00,1109350.00
PERTH,2015,11,350883.00,348296.00,699179.00,161118.00,156852.00,317970.00,512001.00,505148.00,1017149.00
PERTH,2015,12,366185.00,364502.00,730687.00,177833.00,225340.00,403173.00,544018.00,589842.00,1133860.00
PERTH,2016,1,339718.00,348882.00,688600.00,239957.00,194026.00,433983.00,579675.00,542908.00,1122583.00
PERTH,2016,2,298463.00,306771.00,605234.00,183022.00,150969.00,333991.00,481485.00,457740.00,939225.00
PERTH,2016,3,351129.00,344678.00,695807.00,169100.00,174373.00,343473.00,520229.00,519051.00,1039280.00
PERTH,2016,4,339551.00,343860.00,683411.00,172768.00,180423.00,353191.00,512319.00,524283.00,1036602.00
PERTH,2016,5,323448.00,324678.00,648126.00,149078.00,158887.00,307965.00,472526.00,483565.00,956091.00
PERTH,2016,6,319153.00,317203.00,636356.00,153342.00,186840.00,340182.00,472495.00,504043.00,976538.00
PERTH,2016,7,345310.00,359636.00,704946.00,217460.00,185918.00,403378.00,562770.00,545554.00,1108324.00
PERTH,2016,8,333833.00,330911.00,664744.00,172310.00,168899.00,341209.00,506143.00,499810.00,1005953.00
PERTH,2016,9,345591.00,347858.00,693449.00,187478.00,191734.00,379212.00,533069.00,539592.00,1072661.00
PERTH,2016,10,353502.00,358906.00,712408.00,212243.00,166592.00,378835.00,565745.00,525498.00,1091243.00
PERTH,2016,11,336632.00,340980.00,677612.00,168867.00,172050.00,340917.00,505499.00,513030.00,1018529.00
PERTH,2016,12,361956.00,352837.00,714793.00,188630.00,234209.00,422839.00,550586.00,587046.00,1137632.00
PERTH,2017,1,337758.00,352883.00,690641.00,239999.00,196653.00,436652.00,577757.00,549536.00,1127293.00
PERTH,2017,2,281671.00,288163.00,569834.00,181235.00,146779.00,328014.00,462906.00,434942.00,897848.00
PERTH,2017,3,331242.00,332208.00,663450.00,168813.00,174935.00,343748.00,500055.00,507143.00,1007198.00
PERTH,2017,4,335208.00,333755.00,668963.00,185833.00,193652.00,379485.00,521041.00,527407.00,1048448.00
PERTH,2017,5,318488.00,324138.00,642626.00,155396.00,165738.00,321134.00,473884.00,489876.00,963760.00
PERTH,2017,6,310500.00,312126.00,622626.00,158255.00,190155.00,348410.00,468755.00,502281.00,971036.00
PERTH,2017,7,348994.00,352709.00,701703.00,211701.00,182304.00,394005.00,560695.00,535013.00,1095708.00
PERTH,2017,8,329875.00,328372.00,658247.00,174162.00,171298.00,345460.00,504037.00,499670.00,1003707.00
PERTH,2017,9,330208.00,335505.00,665713.00,183141.00,189091.00,372232.00,513349.00,524596.00,1037945.00
PERTH,2017,10,356818.00,357901.00,714719.00,209573.00,167158.00,376731.00,566391.00,525059.00,1091450.00
PERTH,2017,11,340894.00,340217.00,681111.00,166263.00,164421.00,330684.00,507157.00,504638.00,1011795.00
PERTH,2017,12,359066.00,346366.00,705432.00,183881.00,225031.00,408912.00,542947.00,571397.00,1114344.00
PERTH,2018,1,338970.00,354520.00,693490.00,230724.00,190208.00,420932.00,569694.00,544728.00,1114422.00
PERTH,2018,2,293234.00,294222.00,587456.00,173590.00,147109.00,320699.00,466824.00,441331.00,908155.00
PERTH,2018,3,347889.00,339031.00,686920.00,172623.00,178886.00,351509.00,520512.00,517917.00,1038429.00
PERTH,2018,4,338271.00,345743.00,684014.00,171396.00,184847.00,356243.00,509667.00,530590.00,1040257.00
PERTH,2018,5,332088.00,332706.00,664794.00,156686.00,164906.00,321592.00,488774.00,497612.00,986386.00
PERTH,2018,6,310124.00,310390.00,620514.00,160492.00,195155.00,355647.00,470616.00,505545.00,976161.00
PERTH,2018,7,356414.00,360646.00,717060.00,216000.00,180045.00,396045.00,572414.00,540691.00,1113105.00
PERTH,2018,8,334133.00,329291.00,663424.00,178516.00,178586.00,357102.00,512649.00,507877.00,1020526.00
PERTH,2018,9,339438.00,345477.00,684915.00,182920.00,187834.00,370754.00,522358.00,533311.00,1055669.00
PERTH,2018,10,367669.00,363399.00,731068.00,199858.00,160469.00,360327.00,567527.00,523868.00,1091395.00
PERTH,2018,11,346125.00,341988.00,688113.00,168215.00,169049.00,337264.00,514340.00,511037.00,1025377.00
PERTH,2018,12,353421.00,336559.00,689980.00,187566.00,230291.00,417857.00,540987.00,566850.00,1107837.00
PERTH,2019,1,333792.00,355008.00,688800.00,230405.00,191656.00,422061.00,564197.00,546664.00,1110861.00
PERTH,2019,2,292431.00,290188.00,582619.00,177469.00,147449.00,324918.00,469900.00,437637.00,907537.00
PERTH,2019,3,327527.00,324347.00,651874.00,163843.00,169358.00,333201.00,491370.00,493705.00,985075.00
PERTH,2019,4,344871.00,346786.00,691657.00,171753.00,185698.00,357451.00,516624.00,532484.00,1049108.00
PERTH,2019,5,329652.00,330261.00,659913.00,158107.00,163144.00,321251.00,487759.00,493405.00,981164.00
PERTH,2019,6,315356.00,306689.00,622045.00,155018.00,180664.00,335682.00,470374.00,487353.00,957727.00
PERTH,2019,7,362677.00,370477.00,733154.00,203301.00,180135.00,383436.00,565978.00,550612.00,1116590.00
PERTH,2019,8,343016.00,336164.00,679180.00,180370.00,178650.00,359020.00,523386.00,514814.00,1038200.00
PERTH,2019,9,339702.00,339996.00,679698.00,180961.00,185024.00,365985.00,520663.00,525020.00,1045683.00
PERTH,2019,10,377209.00,376475.00,753684.00,205797.00,171561.00,377358.00,583006.00,548036.00,1131042.00
PERTH,2019,11,348086.00,343342.00,691428.00,180935.00,176849.00,357784.00,529021.00,520191.00,1049212.00
PERTH,2019,12,367525.00,348759.00,716284.00,190795.00,234238.00,425033.00,558320.00,582997.00,1141317.00
PERTH,2020,1,336945.00,359009.00,695954.00,238157.00,204575.00,442732.00,575102.00,563584.00,1138686.00
PERTH,2020,2,297652.00,300717.00,598369.00,169482.00,135267.00,304749.00,467134.00,435984.00,903118.00
PERTH,2020,3,233956.00,226081.00,460037.00,93680.00,84820.00,178500.00,327636.00,310901.00,638537.00
PERTH,2020,4,17595.00,17136.00,34731.00,1696.00,5422.00,7118.00,19291.00,22558.00,41849.00
PERTH,2020,5,15780.00,17204.00,32984.00,1141.00,2285.00,3426.00,16921.00,19489.00,36410.00
PERTH,2020,6,29887.00,31756.00,61643.00,1652.00,2469.00,4121.00,31539.00,34225.00,65764.00
PERTH,2020,7,53442.00,55274.00,108716.00,2702.00,3866.00,6568.00,56144.00,59140.00,115284.00
PERTH,2020,8,58156.00,59012.00,117168.00,2038.00,4142.00,6180.00,60194.00,63154.00,123348.00
PERTH,2020,9,78515.00,75161.00,153676.00,2038.00,2786.00,4824.00,80553.00,77947.00,158500.00
PERTH,2020,10,90005.00,84295.00,174300.00,3497.00,3203.00,6700.00,93502.00,87498.00,181000.00
PERTH,2020,11,104170.00,101412.00,205582.00,3648.00,2905.00,6553.00,107818.00,104317.00,212135.00
PERTH,2020,12,163235.00,140723.00,303958.00,4096.00,3393.00,7489.00,167331.00,144116.00,311447.00
PERTH,2021,1,119606.00,135005.00,254611.00,2997.00,2688.00,5685.00,122603.00,137693.00,260296.00
PERTH,2021,2,93691.00,89784.00,183475.00,2249.00,2109.00,4358.00,95940.00,91893.00,187833.00
PERTH,2021,3,192521.00,185740.00,378261.00,3573.00,2357.00,5930.00,196094.00,188097.00,384191.00
PERTH,2021,4,218279.00,219323.00,437602.00,4569.00,3900.00,8469.00,222848.00,223223.00,446071.00
PERTH,2021,5,225194.00,227822.00,453016.00,5451.00,6428.00,11879.00,230645.00,234250.00,464895.00
PERTH,2021,6,203405.00,200554.00,403959.00,6887.00,6448.00,13335.00,210292.00,207002.00,417294.00
PERTH,2021,7,134985.00,136530.00,271515.00,6570.00,7980.00,14550.00,141555.00,144510.00,286065.00
PERTH,2021,8,136243.00,132964.00,269207.00,2894.00,2954.00,5848.00,139137.00,135918.00,275055.00
PERTH,2021,9,159249.00,151192.00,310441.00,1316.00,2728.00,4044.00,160565.00,153920.00,314485.00
PERTH,2021,10,159047.00,153702.00,312749.00,1436.00,3048.00,4484.00,160483.00,156750.00,317233.00
PERTH,2021,11,166141.00,163799.00,329940.00,1295.00,4178.00,5473.00,167436.00,167977.00,335413.00
PERTH,2021,12,129919.00,119443.00,249362.00,1660.00,4936.00,6596.00,131579.00,124379.00,255958.00
PERTH,2022,1,82324.00,99652.00,181976.00,916.00,5815.00,6731.00,83240.00,105467.00,188707.00
PERTH,2022,2,111832.00,92555.00,204387.00,1334.00,6318.00,7652.00,113166.00,98873.00,212039.00
PERTH,2022,3,199907.00,187184.00,387091.00,26166.00,19622.00,45788.00,226073.00,206806.00,432879.00
PERTH,2022,4,280604.00,273619.00,554223.00,49607.00,50958.00,100565.00,330211.00,324577.00,654788.00
PERTH,2022,5,291176.00,291762.00,582938.00,56675.00,62118.00,118793.00,347851.00,353880.00,701731.00
PERTH,2022,6,313411.00,307999.00,621410.00,71995.00,88871.00,160866.00,385406.00,396870.00,782276.00
PERTH,2022,7,331277.00,332116.00,663393.00,106979.00,99663.00,206642.00,438256.00,431779.00,870035.00
PERTH,2022,8,323527.00,315687.00,639214.00,108969.00,97490.00,206459.00,432496.00,413177.00,845673.00
PERTH,2022,9,337380.00,333644.00,671024.00,115510.00,109928.00,225438.00,452890.00,443572.00,896462.00
PERTH,2022,10,348557.00,343902.00,692459.00,128126.00,104582.00,232708.00,476683.00,448484.00,925167.00
PERTH,2022,11,334653.00,333409.00,668062.00,131657.00,129121.00,260778.00,466310.00,462530.00,928840.00
PERTH,2022,12,346758.00,326265.00,673023.00,132960.00,165623.00,298583.00,479718.00,491888.00,971606.00
PERTH,2023,1,330263.00,344637.00,674900.00,177450.00,145653.00,323103.00,507713.00,490290.00,998003.00
PERTH,2023,2,290466.00,295779.00,586245.00,156832.00,116727.00,273559.00,447298.00,412506.00,859804.00
PERTH,2023,3,356856.00,349462.00,706318.00,151270.00,150223.00,301493.00,508126.00,499685.00,1007811.00
PERTH,2023,4,340147.00,338989.00,679136.00,146858.00,155633.00,302491.00,487005.00,494622.00,981627.00
PERTH,2023,5,338963.00,338929.00,677892.00,142937.00,152065.00,295002.00,481900.00,490994.00,972894.00
PERTH,2023,6,324425.00,321743.00,646168.00,144937.00,167385.00,312322.00,469362.00,489128.00,958490.00
PERTH,2023,7,353381.00,350117.00,703498.00,180536.00,159180.00,339716.00,533917.00,509297.00,1043214.00
PERTH,2023,8,350137.00,343829.00,693966.00,172116.00,161123.00,333239.00,522253.00,504952.00,1027205.00
PERTH,2023,9,351260.00,350195.00,701455.00,172558.00,172998.00,345556.00,523818.00,523193.00,1047011.00
PERTH,2023,10,380166.00,376282.00,756448.00,186428.00,154767.00,341195.00,566594.00,531049.00,1097643.00
PERTH,2023,11,373193.00,369375.00,742568.00,168455.00,169862.00,338317.00,541648.00,539237.00,1080885.00
PERTH,2023,12,361408.00,348658.00,710066.00,170872.00,208971.00,379843.00,532280.00,557629.00,1089909.00
PERTH,2024,1,346887.00,354720.00,701607.00,223269.00,182147.00,405416.00,570156.00,536867.00,1107023.00
PERTH,2024,2,318078.00,319084.00,637162.00,189649.00,159940.00,349589.00,507727.00,479024.00,986751.00
PERTH,2024,3,350924.00,351471.00,702395.00,176149.00,191162.00,367311.00,527073.00,542633.00,1069706.00
PERTH,2024,4,365883.00,364430.00,730313.00,188116.00,182632.00,370748.00,553999.00,547062.00,1101061.00
PERTH,2024,5,361505.00,354558.00,716063.00,170679.00,186609.00,357288.00,532184.00,541167.00,1073351.00
PERTH,2024,6,328910.00,332286.00,661196.00,183043.00,219045.00,402088.00,511953.00,551331.00,1063284.00
PERTH,2024,7,385908.00,383983.00,769891.00,233759.00,189965.00,423724.00,619667.00,573948.00,1193615.00
PERTH,2024,8,374820.00,370351.00,745171.00,198859.00,197349.00,396208.00,573679.00,567700.00,1141379.00
PERTH,2024,9,380590.00,381098.00,761688.00,213763.00,219710.00,433473.00,594353.00,600808.00,1195161.00
PERTH,2024,10,405084.00,411776.00,816860.00,234066.00,189287.00,423353.00,639150.00,601063.00,1240213.00
PERTH,2024,11,385835.00,382098.00,767933.00,197747.00,203555.00,401302.00,583582.00,585653.00,1169235.00
PERTH,2024,12,396820.00,376172.00,772992.00,202524.00,266002.00,468526.00,599344.00,642174.00,1241518.00
PERTH,2025,1,377973.00,402228.00,780201.00,280543.00,228726.00,509269.00,658516.00,630954.00,1289470.00
PERTH,2025,2,321732.00,328831.00,650563.00,221141.00,177760.00,398901.00,542873.00,506591.00,1049464.00
PERTH,2025,3,371369.00,367156.00,738525.00,200335.00,191990.00,392325.00,571704.00,559146.00,1130850.00
PERTH,2025,4,399590.00,397054.00,796644.00,210300.00,234811.00,445111.00,609890.00,631865.00,1241755.00
PERTH,2025,5,374748.00,375460.00,750208.00,201195.00,206834.00,408029.00,575943.00,582294.00,1158237.00
PERTH,2025,6,364312.00,355380.00,719692.00,200712.00,229257.00,429969.00,565024.00,584637.00,1149661.00
PROSERPINE,2009,1,9759.00,10028.00,19787.00,0.00,0.00,0.00,9759.00,10028.00,19787.00
PROSERPINE,2009,2,8023.00,8035.00,16058.00,0.00,0.00,0.00,8023.00,8035.00,16058.00
PROSERPINE,2009,3,9231.00,9060.00,18291.00,0.00,0.00,0.00,9231.00,9060.00,18291.00
PROSERPINE,2009,4,9051.00,8963.00,18014.00,0.00,0.00,0.00,9051.00,8963.00,18014.00
PROSERPINE,2009,5,8790.00,8663.00,17453.00,0.00,0.00,0.00,8790.00,8663.00,17453.00
PROSERPINE,2009,6,8879.00,8321.00,17200.00,0.00,0.00,0.00,8879.00,8321.00,17200.00
PROSERPINE,2009,7,9449.00,9351.00,18800.00,0.00,0.00,0.00,9449.00,9351.00,18800.00
PROSERPINE,2009,8,9981.00,9559.00,19540.00,0.00,0.00,0.00,9981.00,9559.00,19540.00
PROSERPINE,2009,9,9765.00,9403.00,19168.00,0.00,0.00,0.00,9765.00,9403.00,19168.00
PROSERPINE,2009,10,9888.00,9861.00,19749.00,0.00,0.00,0.00,9888.00,9861.00,19749.00
PROSERPINE,2009,11,9402.00,9459.00,18861.00,0.00,0.00,0.00,9402.00,9459.00,18861.00
PROSERPINE,2009,12,9015.00,8928.00,17943.00,0.00,0.00,0.00,9015.00,8928.00,17943.00
PROSERPINE,2010,1,8569.00,8729.00,17298.00,0.00,0.00,0.00,8569.00,8729.00,17298.00
PROSERPINE,2010,2,7896.00,7966.00,15862.00,0.00,0.00,0.00,7896.00,7966.00,15862.00
PROSERPINE,2010,3,8101.00,7673.00,15774.00,0.00,0.00,0.00,8101.00,7673.00,15774.00
PROSERPINE,2010,4,8558.00,8647.00,17205.00,0.00,0.00,0.00,8558.00,8647.00,17205.00
PROSERPINE,2010,5,8348.00,8171.00,16519.00,0.00,0.00,0.00,8348.00,8171.00,16519.00
PROSERPINE,2010,6,8678.00,8222.00,16900.00,0.00,0.00,0.00,8678.00,8222.00,16900.00
PROSERPINE,2010,7,9127.00,9290.00,18417.00,0.00,0.00,0.00,9127.00,9290.00,18417.00
PROSERPINE,2010,8,9331.00,9217.00,18548.00,0.00,0.00,0.00,9331.00,9217.00,18548.00
PROSERPINE,2010,9,9302.00,8925.00,18227.00,0.00,0.00,0.00,9302.00,8925.00,18227.00
PROSERPINE,2010,10,9539.00,9830.00,19369.00,0.00,0.00,0.00,9539.00,9830.00,19369.00
PROSERPINE,2010,11,9102.00,9345.00,18447.00,0.00,0.00,0.00,9102.00,9345.00,18447.00
PROSERPINE,2010,12,8927.00,9023.00,17950.00,0.00,0.00,0.00,8927.00,9023.00,17950.00
PROSERPINE,2011,1,8548.00,9026.00,17574.00,0.00,0.00,0.00,8548.00,9026.00,17574.00
PROSERPINE,2011,2,6418.00,6268.00,12686.00,0.00,0.00,0.00,6418.00,6268.00,12686.00
PROSERPINE,2011,3,7831.00,7688.00,15519.00,0.00,0.00,0.00,7831.00,7688.00,15519.00
PROSERPINE,2011,4,8488.00,7992.00,16480.00,0.00,0.00,0.00,8488.00,7992.00,16480.00
PROSERPINE,2011,5,7869.00,8354.00,16223.00,0.00,0.00,0.00,7869.00,8354.00,16223.00
PROSERPINE,2011,6,8128.00,7868.00,15996.00,0.00,0.00,0.00,8128.00,7868.00,15996.00
PROSERPINE,2011,7,8846.00,9327.00,18173.00,0.00,0.00,0.00,8846.00,9327.00,18173.00
PROSERPINE,2011,8,9402.00,9331.00,18733.00,0.00,0.00,0.00,9402.00,9331.00,18733.00
PROSERPINE,2011,9,9391.00,9255.00,18646.00,0.00,0.00,0.00,9391.00,9255.00,18646.00
PROSERPINE,2011,10,9297.00,10130.00,19427.00,0.00,0.00,0.00,9297.00,10130.00,19427.00
PROSERPINE,2011,11,8801.00,9178.00,17979.00,0.00,0.00,0.00,8801.00,9178.00,17979.00
PROSERPINE,2011,12,8660.00,8846.00,17506.00,0.00,0.00,0.00,8660.00,8846.00,17506.00
PROSERPINE,2012,1,8341.00,9156.00,17497.00,0.00,0.00,0.00,8341.00,9156.00,17497.00
PROSERPINE,2012,2,6920.00,7168.00,14088.00,0.00,0.00,0.00,6920.00,7168.00,14088.00
PROSERPINE,2012,3,8938.00,8905.00,17843.00,0.00,0.00,0.00,8938.00,8905.00,17843.00
PROSERPINE,2012,4,9609.00,9807.00,19416.00,0.00,0.00,0.00,9609.00,9807.00,19416.00
PROSERPINE,2012,5,8904.00,8908.00,17812.00,0.00,0.00,0.00,8904.00,8908.00,17812.00
PROSERPINE,2012,6,9301.00,9162.00,18463.00,0.00,0.00,0.00,9301.00,9162.00,18463.00
PROSERPINE,2012,7,10319.00,11294.00,21613.00,0.00,0.00,0.00,10319.00,11294.00,21613.00
PROSERPINE,2012,8,10138.00,10349.00,20487.00,0.00,0.00,0.00,10138.00,10349.00,20487.00
PROSERPINE,2012,9,10437.00,10276.00,20713.00,0.00,0.00,0.00,10437.00,10276.00,20713.00
PROSERPINE,2012,10,10843.00,11896.00,22739.00,0.00,0.00,0.00,10843.00,11896.00,22739.00
PROSERPINE,2012,11,10473.00,11118.00,21591.00,0.00,0.00,0.00,10473.00,11118.00,21591.00
PROSERPINE,2012,12,10298.00,10253.00,20551.00,0.00,0.00,0.00,10298.00,10253.00,20551.00
PROSERPINE,2013,1,9638.00,10945.00,20583.00,0.00,0.00,0.00,9638.00,10945.00,20583.00
PROSERPINE,2013,2,7633.00,8097.00,15730.00,0.00,0.00,0.00,7633.00,8097.00,15730.00
PROSERPINE,2013,3,8850.00,8511.00,17361.00,0.00,0.00,0.00,8850.00,8511.00,17361.00
PROSERPINE,2013,4,9351.00,9764.00,19115.00,0.00,0.00,0.00,9351.00,9764.00,19115.00
PROSERPINE,2013,5,8365.00,8543.00,16908.00,0.00,0.00,0.00,8365.00,8543.00,16908.00
PROSERPINE,2013,6,9031.00,8630.00,17661.00,0.00,0.00,0.00,9031.00,8630.00,17661.00
PROSERPINE,2013,7,10322.00,10873.00,21195.00,0.00,0.00,0.00,10322.00,10873.00,21195.00
PROSERPINE,2013,8,10085.00,10227.00,20312.00,0.00,0.00,0.00,10085.00,10227.00,20312.00
PROSERPINE,2013,9,10706.00,10345.00,21051.00,0.00,0.00,0.00,10706.00,10345.00,21051.00
PROSERPINE,2013,10,10719.00,11531.00,22250.00,0.00,0.00,0.00,10719.00,11531.00,22250.00
PROSERPINE,2013,11,10092.00,10543.00,20635.00,0.00,0.00,0.00,10092.00,10543.00,20635.00
PROSERPINE,2013,12,10679.00,10922.00,21601.00,0.00,0.00,0.00,10679.00,10922.00,21601.00
PROSERPINE,2014,1,9634.00,10866.00,20500.00,0.00,0.00,0.00,9634.00,10866.00,20500.00
PROSERPINE,2014,2,8002.00,8286.00,16288.00,0.00,0.00,0.00,8002.00,8286.00,16288.00
PROSERPINE,2014,3,8991.00,9140.00,18131.00,0.00,0.00,0.00,8991.00,9140.00,18131.00
PROSERPINE,2014,4,11099.00,11015.00,22114.00,0.00,0.00,0.00,11099.00,11015.00,22114.00
PROSERPINE,2014,5,10032.00,10275.00,20307.00,0.00,0.00,0.00,10032.00,10275.00,20307.00
PROSERPINE,2014,6,10204.00,9879.00,20083.00,0.00,0.00,0.00,10204.00,9879.00,20083.00
PROSERPINE,2014,7,11761.00,12275.00,24036.00,0.00,0.00,0.00,11761.00,12275.00,24036.00
PROSERPINE,2014,8,11678.00,11905.00,23583.00,0.00,0.00,0.00,11678.00,11905.00,23583.00
PROSERPINE,2014,9,12473.00,11757.00,24230.00,0.00,0.00,0.00,12473.00,11757.00,24230.00
PROSERPINE,2014,10,12509.00,13521.00,26030.00,0.00,0.00,0.00,12509.00,13521.00,26030.00
PROSERPINE,2014,11,11784.00,12206.00,23990.00,0.00,0.00,0.00,11784.00,12206.00,23990.00
PROSERPINE,2014,12,12741.00,12305.00,25046.00,0.00,0.00,0.00,12741.00,12305.00,25046.00
PROSERPINE,2015,1,11693.00,13093.00,24786.00,0.00,0.00,0.00,11693.00,13093.00,24786.00
PROSERPINE,2015,2,10227.00,10566.00,20793.00,0.00,0.00,0.00,10227.00,10566.00,20793.00
PROSERPINE,2015,3,10755.00,10474.00,21229.00,0.00,0.00,0.00,10755.00,10474.00,21229.00
PROSERPINE,2015,4,12229.00,12530.00,24759.00,0.00,0.00,0.00,12229.00,12530.00,24759.00
PROSERPINE,2015,5,10253.00,10481.00,20734.00,0.00,0.00,0.00,10253.00,10481.00,20734.00
PROSERPINE,2015,6,11392.00,10240.00,21632.00,0.00,0.00,0.00,11392.00,10240.00,21632.00
PROSERPINE,2015,7,15081.00,15626.00,30707.00,0.00,0.00,0.00,15081.00,15626.00,30707.00
PROSERPINE,2015,8,14836.00,15049.00,29885.00,0.00,0.00,0.00,14836.00,15049.00,29885.00
PROSERPINE,2015,9,15547.00,14935.00,30482.00,0.00,0.00,0.00,15547.00,14935.00,30482.00
PROSERPINE,2015,10,15690.00,16533.00,32223.00,0.00,0.00,0.00,15690.00,16533.00,32223.00
PROSERPINE,2015,11,14857.00,15355.00,30212.00,0.00,0.00,0.00,14857.00,15355.00,30212.00
PROSERPINE,2015,12,15727.00,15960.00,31687.00,0.00,0.00,0.00,15727.00,15960.00,31687.00
PROSERPINE,2016,1,14831.00,16301.00,31132.00,0.00,0.00,0.00,14831.00,16301.00,31132.00
PROSERPINE,2016,2,13452.00,13838.00,27290.00,0.00,0.00,0.00,13452.00,13838.00,27290.00
PROSERPINE,2016,3,14101.00,13833.00,27934.00,0.00,0.00,0.00,14101.00,13833.00,27934.00
PROSERPINE,2016,4,13458.00,13972.00,27430.00,0.00,0.00,0.00,13458.00,13972.00,27430.00
PROSERPINE,2016,5,11882.00,12342.00,24224.00,0.00,0.00,0.00,11882.00,12342.00,24224.00
PROSERPINE,2016,6,12667.00,12157.00,24824.00,0.00,0.00,0.00,12667.00,12157.00,24824.00
PROSERPINE,2016,7,14239.00,14944.00,29183.00,0.00,0.00,0.00,14239.00,14944.00,29183.00
PROSERPINE,2016,8,14357.00,14671.00,29028.00,0.00,0.00,0.00,14357.00,14671.00,29028.00
PROSERPINE,2016,9,15023.00,14654.00,29677.00,0.00,0.00,0.00,15023.00,14654.00,29677.00
PROSERPINE,2016,10,15452.00,16245.00,31697.00,0.00,0.00,0.00,15452.00,16245.00,31697.00
PROSERPINE,2016,11,13699.00,13958.00,27657.00,0.00,0.00,0.00,13699.00,13958.00,27657.00
PROSERPINE,2016,12,16488.00,16274.00,32762.00,0.00,0.00,0.00,16488.00,16274.00,32762.00
PROSERPINE,2017,1,15556.00,16081.00,31637.00,0.00,0.00,0.00,15556.00,16081.00,31637.00
PROSERPINE,2017,2,12029.00,12292.00,24321.00,0.00,0.00,0.00,12029.00,12292.00,24321.00
PROSERPINE,2017,3,11513.00,11715.00,23228.00,0.00,0.00,0.00,11513.00,11715.00,23228.00
PROSERPINE,2017,4,15691.00,14923.00,30614.00,0.00,0.00,0.00,15691.00,14923.00,30614.00
PROSERPINE,2017,5,14840.00,15408.00,30248.00,0.00,0.00,0.00,14840.00,15408.00,30248.00
PROSERPINE,2017,6,16820.00,16200.00,33020.00,0.00,0.00,0.00,16820.00,16200.00,33020.00
PROSERPINE,2017,7,20625.00,20398.00,41023.00,0.00,0.00,0.00,20625.00,20398.00,41023.00
PROSERPINE,2017,8,19617.00,19839.00,39456.00,0.00,0.00,0.00,19617.00,19839.00,39456.00
PROSERPINE,2017,9,21317.00,20693.00,42010.00,0.00,0.00,0.00,21317.00,20693.00,42010.00
PROSERPINE,2017,10,21185.00,22462.00,43647.00,0.00,0.00,0.00,21185.00,22462.00,43647.00
PROSERPINE,2017,11,20533.00,20773.00,41306.00,0.00,0.00,0.00,20533.00,20773.00,41306.00
PROSERPINE,2017,12,22559.00,22502.00,45061.00,0.00,0.00,0.00,22559.00,22502.00,45061.00
PROSERPINE,2018,1,21993.00,22945.00,44938.00,0.00,0.00,0.00,21993.00,22945.00,44938.00
PROSERPINE,2018,2,18462.00,18792.00,37254.00,0.00,0.00,0.00,18462.00,18792.00,37254.00
PROSERPINE,2018,3,18620.00,18345.00,36965.00,0.00,0.00,0.00,18620.00,18345.00,36965.00
PROSERPINE,2018,4,17833.00,18279.00,36112.00,0.00,0.00,0.00,17833.00,18279.00,36112.00
PROSERPINE,2018,5,15367.00,15854.00,31221.00,0.00,0.00,0.00,15367.00,15854.00,31221.00
PROSERPINE,2018,6,15845.00,15120.00,30965.00,0.00,0.00,0.00,15845.00,15120.00,30965.00
PROSERPINE,2018,7,19896.00,20072.00,39968.00,0.00,0.00,0.00,19896.00,20072.00,39968.00
PROSERPINE,2018,8,18869.00,19086.00,37955.00,0.00,0.00,0.00,18869.00,19086.00,37955.00
PROSERPINE,2018,9,19247.00,19046.00,38293.00,0.00,0.00,0.00,19247.00,19046.00,38293.00
PROSERPINE,2018,10,20304.00,21563.00,41867.00,0.00,0.00,0.00,20304.00,21563.00,41867.00
PROSERPINE,2018,11,17771.00,18077.00,35848.00,0.00,0.00,0.00,17771.00,18077.00,35848.00
PROSERPINE,2018,12,18653.00,18536.00,37189.00,0.00,0.00,0.00,18653.00,18536.00,37189.00
PROSERPINE,2019,1,18536.00,19795.00,38331.00,0.00,0.00,0.00,18536.00,19795.00,38331.00
PROSERPINE,2019,2,14441.00,14851.00,29292.00,0.00,0.00,0.00,14441.00,14851.00,29292.00
PROSERPINE,2019,3,16209.00,16151.00,32360.00,0.00,0.00,0.00,16209.00,16151.00,32360.00
PROSERPINE,2019,4,19048.00,18648.00,37696.00,0.00,0.00,0.00,19048.00,18648.00,37696.00
PROSERPINE,2019,5,15733.00,16071.00,31804.00,0.00,0.00,0.00,15733.00,16071.00,31804.00
PROSERPINE,2019,6,14909.00,14476.00,29385.00,0.00,0.00,0.00,14909.00,14476.00,29385.00
PROSERPINE,2019,7,19243.00,19486.00,38729.00,0.00,0.00,0.00,19243.00,19486.00,38729.00
PROSERPINE,2019,8,18760.00,19214.00,37974.00,0.00,0.00,0.00,18760.00,19214.00,37974.00
PROSERPINE,2019,9,19881.00,19373.00,39254.00,0.00,0.00,0.00,19881.00,19373.00,39254.00
PROSERPINE,2019,10,20514.00,21411.00,41925.00,0.00,0.00,0.00,20514.00,21411.00,41925.00
PROSERPINE,2019,11,18567.00,19106.00,37673.00,0.00,0.00,0.00,18567.00,19106.00,37673.00
PROSERPINE,2019,12,19715.00,19276.00,38991.00,0.00,0.00,0.00,19715.00,19276.00,38991.00
PROSERPINE,2020,1,20126.00,21409.00,41535.00,0.00,0.00,0.00,20126.00,21409.00,41535.00
PROSERPINE,2020,2,12850.00,13192.00,26042.00,0.00,0.00,0.00,12850.00,13192.00,26042.00
PROSERPINE,2020,3,9929.00,10658.00,20587.00,0.00,0.00,0.00,9929.00,10658.00,20587.00
PROSERPINE,2020,4,0.00,0.00,0.00,0.00,0.00,0.00,0.00,0.00,0.00
PROSERPINE,2020,5,0.00,0.00,0.00,0.00,0.00,0.00,0.00,0.00,0.00
PROSERPINE,2020,6,1266.00,1092.00,2358.00,0.00,0.00,0.00,1266.00,1092.00,2358.00
PROSERPINE,2020,7,8432.00,7792.00,16224.00,0.00,0.00,0.00,8432.00,7792.00,16224.00
PROSERPINE,2020,8,6557.00,6821.00,13378.00,0.00,0.00,0.00,6557.00,6821.00,13378.00
PROSERPINE,2020,9,8761.00,8067.00,16828.00,0.00,0.00,0.00,8761.00,8067.00,16828.00
PROSERPINE,2020,10,10239.00,10590.00,20829.00,0.00,0.00,0.00,10239.00,10590.00,20829.00
PROSERPINE,2020,11,9820.00,9923.00,19743.00,0.00,0.00,0.00,9820.00,9923.00,19743.00
PROSERPINE,2020,12,14433.00,13709.00,28142.00,0.00,0.00,0.00,14433.00,13709.00,28142.00
PROSERPINE,2021,1,11119.00,12490.00,23609.00,0.00,0.00,0.00,11119.00,12490.00,23609.00
PROSERPINE,2021,2,10299.00,10213.00,20512.00,0.00,0.00,0.00,10299.00,10213.00,20512.00
PROSERPINE,2021,3,14453.00,14016.00,28469.00,0.00,0.00,0.00,14453.00,14016.00,28469.00
PROSERPINE,2021,4,16223.00,16212.00,32435.00,0.00,0.00,0.00,16223.00,16212.00,32435.00
PROSERPINE,2021,5,14345.00,14464.00,28809.00,0.00,0.00,0.00,14345.00,14464.00,28809.00
PROSERPINE,2021,6,12513.00,11710.00,24223.00,0.00,0.00,0.00,12513.00,11710.00,24223.00
PROSERPINE,2021,7,10540.00,12183.00,22723.00,0.00,0.00,0.00,10540.00,12183.00,22723.00
PROSERPINE,2021,8,5865.00,6188.00,12053.00,0.00,0.00,0.00,5865.00,6188.00,12053.00
PROSERPINE,2021,9,12203.00,11000.00,23203.00,0.00,0.00,0.00,12203.00,11000.00,23203.00
PROSERPINE,2021,10,13044.00,13649.00,26693.00,0.00,0.00,0.00,13044.00,13649.00,26693.00
PROSERPINE,2021,11,13440.00,13706.00,27146.00,0.00,0.00,0.00,13440.00,13706.00,27146.00
PROSERPINE,2021,12,18479.00,16683.00,35162.00,0.00,0.00,0.00,18479.00,16683.00,35162.00
PROSERPINE,2022,1,18897.00,20768.00,39665.00,0.00,0.00,0.00,18897.00,20768.00,39665.00
PROSERPINE,2022,2,13561.00,13586.00,27147.00,0.00,0.00,0.00,13561.00,13586.00,27147.00
PROSERPINE,2022,3,17193.00,16632.00,33825.00,0.00,0.00,0.00,17193.00,16632.00,33825.00
PROSERPINE,2022,4,23962.00,23356.00,47318.00,0.00,0.00,0.00,23962.00,23356.00,47318.00
PROSERPINE,2022,5,18836.00,18806.00,37642.00,0.00,0.00,0.00,18836.00,18806.00,37642.00
PROSERPINE,2022,6,19622.00,18549.00,38171.00,0.00,0.00,0.00,19622.00,18549.00,38171.00
PROSERPINE,2022,7,20815.00,21527.00,42342.00,0.00,0.00,0.00,20815.00,21527.00,42342.00
PROSERPINE,2022,8,19834.00,20075.00,39909.00,0.00,0.00,0.00,19834.00,20075.00,39909.00
PROSERPINE,2022,9,21583.00,21160.00,42743.00,0.00,0.00,0.00,21583.00,21160.00,42743.00
PROSERPINE,2022,10,20715.00,21201.00,41916.00,0.00,0.00,0.00,20715.00,21201.00,41916.00
PROSERPINE,2022,11,17349.00,17783.00,35132.00,0.00,0.00,0.00,17349.00,17783.00,35132.00
PROSERPINE,2022,12,19622.00,19108.00,38730.00,0.00,0.00,0.00,19622.00,19108.00,38730.00
PROSERPINE,2023,1,18209.00,18825.00,37034.00,0.00,0.00,0.00,18209.00,18825.00,37034.00
PROSERPINE,2023,2,15250.00,15730.00,30980.00,0.00,0.00,0.00,15250.00,15730.00,30980.00
PROSERPINE,2023,3,19361.00,18776.00,38137.00,0.00,0.00,0.00,19361.00,18776.00,38137.00
PROSERPINE,2023,4,24326.00,24859.00,49185.00,0.00,0.00,0.00,24326.00,24859.00,49185.00
PROSERPINE,2023,5,19845.00,19781.00,39626.00,0.00,0.00,0.00,19845.00,19781.00,39626.00
PROSERPINE,2023,6,21623.00,20460.00,42083.00,0.00,0.00,0.00,21623.00,20460.00,42083.00
PROSERPINE,2023,7,23681.00,24606.00,48287.00,0.00,0.00,0.00,23681.00,24606.00,48287.00
PROSERPINE,2023,8,21693.00,22050.00,43743.00,0.00,0.00,0.00,21693.00,22050.00,43743.00
PROSERPINE,2023,9,22448.00,22349.00,44797.00,0.00,0.00,0.00,22448.00,22349.00,44797.00
PROSERPINE,2023,10,22646.00,23837.00,46483.00,0.00,0.00,0.00,22646.00,23837.00,46483.00
PROSERPINE,2023,11,20686.00,21159.00,41845.00,0.00,0.00,0.00,20686.00,21159.00,41845.00
PROSERPINE,2023,12,23987.00,24016.00,48003.00,0.00,0.00,0.00,23987.00,24016.00,48003.00
PROSERPINE,2024,1,20985.00,22932.00,43917.00,0.00,0.00,0.00,20985.00,22932.00,43917.00
PROSERPINE,2024,2,17744.00,17507.00,35251.00,0.00,0.00,0.00,17744.00,17507.00,35251.00
PROSERPINE,2024,3,19267.00,18757.00,38024.00,0.00,0.00,0.00,19267.00,18757.00,38024.00
PROSERPINE,2024,4,22044.00,22995.00,45039.00,0.00,0.00,0.00,22044.00,22995.00,45039.00
PROSERPINE,2024,5,17398.00,17398.00,34796.00,0.00,0.00,0.00,17398.00,17398.00,34796.00
PROSERPINE,2024,6,18557.00,17722.00,36279.00,0.00,0.00,0.00,18557.00,17722.00,36279.00
PROSERPINE,2024,7,22092.00,22164.00,44256.00,0.00,0.00,0.00,22092.00,22164.00,44256.00
PROSERPINE,2024,8,21104.00,21259.00,42363.00,0.00,0.00,0.00,21104.00,21259.00,42363.00
PROSERPINE,2024,9,23843.00,22856.00,46699.00,0.00,0.00,0.00,23843.00,22856.00,46699.00
PROSERPINE,2024,10,23889.00,25137.00,49026.00,0.00,0.00,0.00,23889.00,25137.00,49026.00
PROSERPINE,2024,11,21753.00,22143.00,43896.00,0.00,0.00,0.00,21753.00,22143.00,43896.00
PROSERPINE,2024,12,23921.00,23777.00,47698.00,0.00,0.00,0.00,23921.00,23777.00,47698.00
PROSERPINE,2025,1,24466.00,25804.00,50270.00,0.00,0.00,0.00,24466.00,25804.00,50270.00
PROSERPINE,2025,2,15572.00,16289.00,31861.00,0.00,0.00,0.00,15572.00,16289.00,31861.00
PROSERPINE,2025,3,17503.00,17404.00,34907.00,0.00,0.00,0.00,17503.00,17404.00,34907.00
PROSERPINE,2025,4,22737.00,22471.00,45208.00,0.00,0.00,0.00,22737.00,22471.00,45208.00
PROSERPINE,2025,5,21050.00,21006.00,42056.00,0.00,0.00,0.00,21050.00,21006.00,42056.00
PROSERPINE,2025,6,21718.00,20740.00,42458.00,0.00,0.00,0.00,21718.00,20740.00,42458.00
ROCKHAMPTON,2009,1,27838.00,27816.00,55654.00,0.00,0.00,0.00,27838.00,27816.00,55654.00
ROCKHAMPTON,2009,2,26096.00,26052.00,52148.00,0.00,0.00,0.00,26096.00,26052.00,52148.00
ROCKHAMPTON,2009,3,30613.00,30615.00,61228.00,0.00,0.00,0.00,30613.00,30615.00,61228.00
ROCKHAMPTON,2009,4,29947.00,30137.00,60084.00,0.00,0.00,0.00,29947.00,30137.00,60084.00
ROCKHAMPTON,2009,5,32044.00,32158.00,64202.00,0.00,0.00,0.00,32044.00,32158.00,64202.00
ROCKHAMPTON,2009,6,31158.00,30900.00,62058.00,0.00,0.00,0.00,31158.00,30900.00,62058.00
ROCKHAMPTON,2009,7,33870.00,34180.00,68050.00,0.00,0.00,0.00,33870.00,34180.00,68050.00
ROCKHAMPTON,2009,8,32895.00,33046.00,65941.00,0.00,0.00,0.00,32895.00,33046.00,65941.00
ROCKHAMPTON,2009,9,32037.00,32141.00,64178.00,0.00,0.00,0.00,32037.00,32141.00,64178.00
ROCKHAMPTON,2009,10,32645.00,32258.00,64903.00,0.00,0.00,0.00,32645.00,32258.00,64903.00
ROCKHAMPTON,2009,11,30845.00,31069.00,61914.00,0.00,0.00,0.00,30845.00,31069.00,61914.00
ROCKHAMPTON,2009,12,31584.00,31393.00,62977.00,0.00,0.00,0.00,31584.00,31393.00,62977.00
ROCKHAMPTON,2010,1,28140.00,27337.00,55477.00,0.00,0.00,0.00,28140.00,27337.00,55477.00
ROCKHAMPTON,2010,2,28848.00,29279.00,58127.00,0.00,0.00,0.00,28848.00,29279.00,58127.00
ROCKHAMPTON,2010,3,31683.00,31492.00,63175.00,0.00,0.00,0.00,31683.00,31492.00,63175.00
ROCKHAMPTON,2010,4,32528.00,32819.00,65347.00,0.00,0.00,0.00,32528.00,32819.00,65347.00
ROCKHAMPTON,2010,5,31609.00,31994.00,63603.00,0.00,0.00,0.00,31609.00,31994.00,63603.00
ROCKHAMPTON,2010,6,31776.00,31936.00,63712.00,0.00,0.00,0.00,31776.00,31936.00,63712.00
ROCKHAMPTON,2010,7,32566.00,32375.00,64941.00,0.00,0.00,0.00,32566.00,32375.00,64941.00
ROCKHAMPTON,2010,8,32964.00,33147.00,66111.00,0.00,0.00,0.00,32964.00,33147.00,66111.00
ROCKHAMPTON,2010,9,35141.00,34516.00,69657.00,0.00,0.00,0.00,35141.00,34516.00,69657.00
ROCKHAMPTON,2010,10,34566.00,35074.00,69640.00,0.00,0.00,0.00,34566.00,35074.00,69640.00
ROCKHAMPTON,2010,11,33956.00,34024.00,67980.00,0.00,0.00,0.00,33956.00,34024.00,67980.00
ROCKHAMPTON,2010,12,33991.00,35451.00,69442.00,0.00,0.00,0.00,33991.00,35451.00,69442.00
ROCKHAMPTON,2011,1,5269.00,5116.00,10385.00,0.00,0.00,0.00,5269.00,5116.00,10385.00
ROCKHAMPTON,2011,2,24652.00,25149.00,49801.00,0.00,0.00,0.00,24652.00,25149.00,49801.00
ROCKHAMPTON,2011,3,31111.00,31167.00,62278.00,0.00,0.00,0.00,31111.00,31167.00,62278.00
ROCKHAMPTON,2011,4,30645.00,31000.00,61645.00,0.00,0.00,0.00,30645.00,31000.00,61645.00
ROCKHAMPTON,2011,5,32375.00,31886.00,64261.00,0.00,0.00,0.00,32375.00,31886.00,64261.00
ROCKHAMPTON,2011,6,31658.00,32006.00,63664.00,0.00,0.00,0.00,31658.00,32006.00,63664.00
ROCKHAMPTON,2011,7,33714.00,33198.00,66912.00,0.00,0.00,0.00,33714.00,33198.00,66912.00
ROCKHAMPTON,2011,8,32043.00,32844.00,64887.00,0.00,0.00,0.00,32043.00,32844.00,64887.00
ROCKHAMPTON,2011,9,33314.00,33530.00,66844.00,0.00,0.00,0.00,33314.00,33530.00,66844.00
ROCKHAMPTON,2011,10,33143.00,33017.00,66160.00,0.00,0.00,0.00,33143.00,33017.00,66160.00
ROCKHAMPTON,2011,11,31283.00,31933.00,63216.00,0.00,0.00,0.00,31283.00,31933.00,63216.00
ROCKHAMPTON,2011,12,29789.00,31185.00,60974.00,0.00,0.00,0.00,29789.00,31185.00,60974.00
ROCKHAMPTON,2012,1,28848.00,26683.00,55531.00,0.00,0.00,0.00,28848.00,26683.00,55531.00
ROCKHAMPTON,2012,2,27803.00,28135.00,55938.00,0.00,0.00,0.00,27803.00,28135.00,55938.00
ROCKHAMPTON,2012,3,31965.00,32723.00,64688.00,0.00,0.00,0.00,31965.00,32723.00,64688.00
ROCKHAMPTON,2012,4,29104.00,28659.00,57763.00,0.00,0.00,0.00,29104.00,28659.00,57763.00
ROCKHAMPTON,2012,5,32553.00,33000.00,65553.00,0.00,0.00,0.00,32553.00,33000.00,65553.00
ROCKHAMPTON,2012,6,30958.00,31209.00,62167.00,0.00,0.00,0.00,30958.00,31209.00,62167.00
ROCKHAMPTON,2012,7,33126.00,32867.00,65993.00,0.00,0.00,0.00,33126.00,32867.00,65993.00
ROCKHAMPTON,2012,8,31761.00,32897.00,64658.00,0.00,0.00,0.00,31761.00,32897.00,64658.00
ROCKHAMPTON,2012,9,31267.00,31901.00,63168.00,0.00,0.00,0.00,31267.00,31901.00,63168.00
ROCKHAMPTON,2012,10,33144.00,32818.00,65962.00,0.00,0.00,0.00,33144.00,32818.00,65962.00
ROCKHAMPTON,2012,11,29891.00,31469.00,61360.00,0.00,0.00,0.00,29891.00,31469.00,61360.00
ROCKHAMPTON,2012,12,28130.00,29566.00,57696.00,0.00,0.00,0.00,28130.00,29566.00,57696.00
ROCKHAMPTON,2013,1,26053.00,25068.00,51121.00,0.00,0.00,0.00,26053.00,25068.00,51121.00
ROCKHAMPTON,2013,2,23351.00,23878.00,47229.00,0.00,0.00,0.00,23351.00,23878.00,47229.00
ROCKHAMPTON,2013,3,29902.00,30033.00,59935.00,0.00,0.00,0.00,29902.00,30033.00,59935.00
ROCKHAMPTON,2013,4,30121.00,29482.00,59603.00,0.00,0.00,0.00,30121.00,29482.00,59603.00
ROCKHAMPTON,2013,5,28301.00,29182.00,57483.00,0.00,0.00,0.00,28301.00,29182.00,57483.00
ROCKHAMPTON,2013,6,28477.00,28416.00,56893.00,0.00,0.00,0.00,28477.00,28416.00,56893.00
ROCKHAMPTON,2013,7,32536.00,32135.00,64671.00,0.00,0.00,0.00,32536.00,32135.00,64671.00
ROCKHAMPTON,2013,8,30445.00,31810.00,62255.00,0.00,0.00,0.00,30445.00,31810.00,62255.00
ROCKHAMPTON,2013,9,29872.00,29752.00,59624.00,0.00,0.00,0.00,29872.00,29752.00,59624.00
ROCKHAMPTON,2013,10,31967.00,31805.00,63772.00,0.00,0.00,0.00,31967.00,31805.00,63772.00
ROCKHAMPTON,2013,11,28088.00,28736.00,56824.00,0.00,0.00,0.00,28088.00,28736.00,56824.00
ROCKHAMPTON,2013,12,27947.00,29145.00,57092.00,0.00,0.00,0.00,27947.00,29145.00,57092.00
ROCKHAMPTON,2014,1,25175.00,24038.00,49213.00,0.00,0.00,0.00,25175.00,24038.00,49213.00
ROCKHAMPTON,2014,2,23180.00,23684.00,46864.00,0.00,0.00,0.00,23180.00,23684.00,46864.00
ROCKHAMPTON,2014,3,27884.00,27840.00,55724.00,0.00,0.00,0.00,27884.00,27840.00,55724.00
ROCKHAMPTON,2014,4,27499.00,27452.00,54951.00,0.00,0.00,0.00,27499.00,27452.00,54951.00
ROCKHAMPTON,2014,5,27343.00,28383.00,55726.00,0.00,0.00,0.00,27343.00,28383.00,55726.00
ROCKHAMPTON,2014,6,27393.00,27278.00,54671.00,0.00,0.00,0.00,27393.00,27278.00,54671.00
ROCKHAMPTON,2014,7,29036.00,29421.00,58457.00,0.00,0.00,0.00,29036.00,29421.00,58457.00
ROCKHAMPTON,2014,8,27277.00,28234.00,55511.00,0.00,0.00,0.00,27277.00,28234.00,55511.00
ROCKHAMPTON,2014,9,29157.00,28751.00,57908.00,0.00,0.00,0.00,29157.00,28751.00,57908.00
ROCKHAMPTON,2014,10,29349.00,29603.00,58952.00,0.00,0.00,0.00,29349.00,29603.00,58952.00
ROCKHAMPTON,2014,11,25794.00,26723.00,52517.00,0.00,0.00,0.00,25794.00,26723.00,52517.00
ROCKHAMPTON,2014,12,25108.00,25809.00,50917.00,0.00,0.00,0.00,25108.00,25809.00,50917.00
ROCKHAMPTON,2015,1,23029.00,21618.00,44647.00,0.00,0.00,0.00,23029.00,21618.00,44647.00
ROCKHAMPTON,2015,2,19713.00,19899.00,39612.00,0.00,0.00,0.00,19713.00,19899.00,39612.00
ROCKHAMPTON,2015,3,27755.00,27804.00,55559.00,0.00,0.00,0.00,27755.00,27804.00,55559.00
ROCKHAMPTON,2015,4,26068.00,26228.00,52296.00,0.00,0.00,0.00,26068.00,26228.00,52296.00
ROCKHAMPTON,2015,5,27726.00,28056.00,55782.00,0.00,0.00,0.00,27726.00,28056.00,55782.00
ROCKHAMPTON,2015,6,26538.00,26217.00,52755.00,0.00,0.00,0.00,26538.00,26217.00,52755.00
ROCKHAMPTON,2015,7,27714.00,28588.00,56302.00,0.00,0.00,0.00,27714.00,28588.00,56302.00
ROCKHAMPTON,2015,8,25644.00,25817.00,51461.00,0.00,0.00,0.00,25644.00,25817.00,51461.00
ROCKHAMPTON,2015,9,25941.00,26185.00,52126.00,0.00,0.00,0.00,25941.00,26185.00,52126.00
ROCKHAMPTON,2015,10,26606.00,26540.00,53146.00,0.00,0.00,0.00,26606.00,26540.00,53146.00
ROCKHAMPTON,2015,11,25321.00,26155.00,51476.00,0.00,0.00,0.00,25321.00,26155.00,51476.00
ROCKHAMPTON,2015,12,24365.00,24938.00,49303.00,0.00,0.00,0.00,24365.00,24938.00,49303.00
ROCKHAMPTON,2016,1,20585.00,19538.00,40123.00,0.00,0.00,0.00,20585.00,19538.00,40123.00
ROCKHAMPTON,2016,2,21204.00,20977.00,42181.00,0.00,0.00,0.00,21204.00,20977.00,42181.00
ROCKHAMPTON,2016,3,23995.00,24732.00,48727.00,0.00,0.00,0.00,23995.00,24732.00,48727.00
ROCKHAMPTON,2016,4,24289.00,23917.00,48206.00,0.00,0.00,0.00,24289.00,23917.00,48206.00
ROCKHAMPTON,2016,5,25201.00,25046.00,50247.00,0.00,0.00,0.00,25201.00,25046.00,50247.00
ROCKHAMPTON,2016,6,24694.00,24846.00,49540.00,0.00,0.00,0.00,24694.00,24846.00,49540.00
ROCKHAMPTON,2016,7,25130.00,25466.00,50596.00,0.00,0.00,0.00,25130.00,25466.00,50596.00
ROCKHAMPTON,2016,8,25307.00,25273.00,50580.00,0.00,0.00,0.00,25307.00,25273.00,50580.00
ROCKHAMPTON,2016,9,26180.00,26113.00,52293.00,0.00,0.00,0.00,26180.00,26113.00,52293.00
ROCKHAMPTON,2016,10,25428.00,25446.00,50874.00,0.00,0.00,0.00,25428.00,25446.00,50874.00
ROCKHAMPTON,2016,11,24719.00,25047.00,49766.00,0.00,0.00,0.00,24719.00,25047.00,49766.00
ROCKHAMPTON,2016,12,25262.00,25852.00,51114.00,0.00,0.00,0.00,25262.00,25852.00,51114.00
ROCKHAMPTON,2017,1,21665.00,20165.00,41830.00,0.00,0.00,0.00,21665.00,20165.00,41830.00
ROCKHAMPTON,2017,2,21090.00,20902.00,41992.00,0.00,0.00,0.00,21090.00,20902.00,41992.00
ROCKHAMPTON,2017,3,24218.00,25245.00,49463.00,0.00,0.00,0.00,24218.00,25245.00,49463.00
ROCKHAMPTON,2017,4,15131.00,14976.00,30107.00,0.00,0.00,0.00,15131.00,14976.00,30107.00
ROCKHAMPTON,2017,5,24313.00,24516.00,48829.00,0.00,0.00,0.00,24313.00,24516.00,48829.00
ROCKHAMPTON,2017,6,24567.00,23905.00,48472.00,0.00,0.00,0.00,24567.00,23905.00,48472.00
ROCKHAMPTON,2017,7,26291.00,26769.00,53060.00,0.00,0.00,0.00,26291.00,26769.00,53060.00
ROCKHAMPTON,2017,8,25111.00,24886.00,49997.00,0.00,0.00,0.00,25111.00,24886.00,49997.00
ROCKHAMPTON,2017,9,25076.00,24912.00,49988.00,0.00,0.00,0.00,25076.00,24912.00,49988.00
ROCKHAMPTON,2017,10,25201.00,25683.00,50884.00,0.00,0.00,0.00,25201.00,25683.00,50884.00
ROCKHAMPTON,2017,11,23202.00,23451.00,46653.00,0.00,0.00,0.00,23202.00,23451.00,46653.00
ROCKHAMPTON,2017,12,22595.00,22644.00,45239.00,0.00,0.00,0.00,22595.00,22644.00,45239.00
ROCKHAMPTON,2018,1,21014.00,19404.00,40418.00,0.00,0.00,0.00,21014.00,19404.00,40418.00
ROCKHAMPTON,2018,2,19329.00,19416.00,38745.00,0.00,0.00,0.00,19329.00,19416.00,38745.00
ROCKHAMPTON,2018,3,23895.00,23665.00,47560.00,0.00,0.00,0.00,23895.00,23665.00,47560.00
ROCKHAMPTON,2018,4,21851.00,21368.00,43219.00,0.00,0.00,0.00,21851.00,21368.00,43219.00
ROCKHAMPTON,2018,5,26196.00,25796.00,51992.00,0.00,0.00,0.00,26196.00,25796.00,51992.00
ROCKHAMPTON,2018,6,22731.00,23045.00,45776.00,0.00,0.00,0.00,22731.00,23045.00,45776.00
ROCKHAMPTON,2018,7,23750.00,23741.00,47491.00,0.00,0.00,0.00,23750.00,23741.00,47491.00
ROCKHAMPTON,2018,8,25001.00,25028.00,50029.00,0.00,0.00,0.00,25001.00,25028.00,50029.00
ROCKHAMPTON,2018,9,22995.00,23668.00,46663.00,0.00,0.00,0.00,22995.00,23668.00,46663.00
ROCKHAMPTON,2018,10,24857.00,24440.00,49297.00,0.00,0.00,0.00,24857.00,24440.00,49297.00
ROCKHAMPTON,2018,11,22684.00,23271.00,45955.00,0.00,0.00,0.00,22684.00,23271.00,45955.00
ROCKHAMPTON,2018,12,21740.00,22711.00,44451.00,0.00,0.00,0.00,21740.00,22711.00,44451.00
ROCKHAMPTON,2019,1,21021.00,19909.00,40930.00,0.00,0.00,0.00,21021.00,19909.00,40930.00
ROCKHAMPTON,2019,2,20247.00,20267.00,40514.00,0.00,0.00,0.00,20247.00,20267.00,40514.00
ROCKHAMPTON,2019,3,23204.00,23353.00,46557.00,0.00,0.00,0.00,23204.00,23353.00,46557.00
ROCKHAMPTON,2019,4,22961.00,22699.00,45660.00,0.00,0.00,0.00,22961.00,22699.00,45660.00
ROCKHAMPTON,2019,5,24496.00,24526.00,49022.00,0.00,0.00,0.00,24496.00,24526.00,49022.00
ROCKHAMPTON,2019,6,23208.00,22846.00,46054.00,0.00,0.00,0.00,23208.00,22846.00,46054.00
ROCKHAMPTON,2019,7,27086.00,27017.00,54103.00,0.00,0.00,0.00,27086.00,27017.00,54103.00
ROCKHAMPTON,2019,8,24649.00,25631.00,50280.00,0.00,0.00,0.00,24649.00,25631.00,50280.00
ROCKHAMPTON,2019,9,25279.00,24781.00,50060.00,0.00,0.00,0.00,25279.00,24781.00,50060.00
ROCKHAMPTON,2019,10,26365.00,26282.00,52647.00,0.00,0.00,0.00,26365.00,26282.00,52647.00
ROCKHAMPTON,2019,11,23925.00,24665.00,48590.00,0.00,0.00,0.00,23925.00,24665.00,48590.00
ROCKHAMPTON,2019,12,23304.00,23822.00,47126.00,0.00,0.00,0.00,23304.00,23822.00,47126.00
ROCKHAMPTON,2020,1,21682.00,20775.00,42457.00,0.00,0.00,0.00,21682.00,20775.00,42457.00
ROCKHAMPTON,2020,2,20718.00,20712.00,41430.00,0.00,0.00,0.00,20718.00,20712.00,41430.00
ROCKHAMPTON,2020,3,16383.00,15076.00,31459.00,0.00,0.00,0.00,16383.00,15076.00,31459.00
ROCKHAMPTON,2020,4,1234.00,1271.00,2505.00,0.00,0.00,0.00,1234.00,1271.00,2505.00
ROCKHAMPTON,2020,5,2071.00,2088.00,4159.00,0.00,0.00,0.00,2071.00,2088.00,4159.00
ROCKHAMPTON,2020,6,4595.00,4698.00,9293.00,0.00,0.00,0.00,4595.00,4698.00,9293.00
ROCKHAMPTON,2020,7,8535.00,8745.00,17280.00,0.00,0.00,0.00,8535.00,8745.00,17280.00
ROCKHAMPTON,2020,8,8972.00,9209.00,18181.00,0.00,0.00,0.00,8972.00,9209.00,18181.00
ROCKHAMPTON,2020,9,10594.00,10633.00,21227.00,0.00,0.00,0.00,10594.00,10633.00,21227.00
ROCKHAMPTON,2020,10,12598.00,13364.00,25962.00,0.00,0.00,0.00,12598.00,13364.00,25962.00
ROCKHAMPTON,2020,11,14346.00,14156.00,28502.00,0.00,0.00,0.00,14346.00,14156.00,28502.00
ROCKHAMPTON,2020,12,16667.00,16649.00,33316.00,0.00,0.00,0.00,16667.00,16649.00,33316.00
ROCKHAMPTON,2021,1,12142.00,12504.00,24646.00,0.00,0.00,0.00,12142.00,12504.00,24646.00
ROCKHAMPTON,2021,2,14433.00,14563.00,28996.00,0.00,0.00,0.00,14433.00,14563.00,28996.00
ROCKHAMPTON,2021,3,18678.00,18454.00,37132.00,0.00,0.00,0.00,18678.00,18454.00,37132.00
ROCKHAMPTON,2021,4,18320.00,18576.00,36896.00,0.00,0.00,0.00,18320.00,18576.00,36896.00
ROCKHAMPTON,2021,5,21818.00,21819.00,43637.00,0.00,0.00,0.00,21818.00,21819.00,43637.00
ROCKHAMPTON,2021,6,19783.00,19784.00,39567.00,0.00,0.00,0.00,19783.00,19784.00,39567.00
ROCKHAMPTON,2021,7,15748.00,16180.00,31928.00,0.00,0.00,0.00,15748.00,16180.00,31928.00
ROCKHAMPTON,2021,8,10187.00,9910.00,20097.00,0.00,0.00,0.00,10187.00,9910.00,20097.00
ROCKHAMPTON,2021,9,15913.00,16157.00,32070.00,0.00,0.00,0.00,15913.00,16157.00,32070.00
ROCKHAMPTON,2021,10,16260.00,16802.00,33062.00,0.00,0.00,0.00,16260.00,16802.00,33062.00
ROCKHAMPTON,2021,11,17545.00,17459.00,35004.00,0.00,0.00,0.00,17545.00,17459.00,35004.00
ROCKHAMPTON,2021,12,18646.00,18401.00,37047.00,0.00,0.00,0.00,18646.00,18401.00,37047.00
ROCKHAMPTON,2022,1,12526.00,12465.00,24991.00,0.00,0.00,0.00,12526.00,12465.00,24991.00
ROCKHAMPTON,2022,2,13441.00,13612.00,27053.00,0.00,0.00,0.00,13441.00,13612.00,27053.00
ROCKHAMPTON,2022,3,18543.00,19039.00,37582.00,0.00,0.00,0.00,18543.00,19039.00,37582.00
ROCKHAMPTON,2022,4,20984.00,21003.00,41987.00,0.00,0.00,0.00,20984.00,21003.00,41987.00
ROCKHAMPTON,2022,5,22452.00,22360.00,44812.00,0.00,0.00,0.00,22452.00,22360.00,44812.00
ROCKHAMPTON,2022,6,22499.00,22892.00,45391.00,0.00,0.00,0.00,22499.00,22892.00,45391.00
ROCKHAMPTON,2022,7,22938.00,22747.00,45685.00,0.00,0.00,0.00,22938.00,22747.00,45685.00
ROCKHAMPTON,2022,8,22850.00,22597.00,45447.00,0.00,0.00,0.00,22850.00,22597.00,45447.00
ROCKHAMPTON,2022,9,21059.00,20981.00,42040.00,0.00,0.00,0.00,21059.00,20981.00,42040.00
ROCKHAMPTON,2022,10,21071.00,21898.00,42969.00,0.00,0.00,0.00,21071.00,21898.00,42969.00
ROCKHAMPTON,2022,11,22545.00,22441.00,44986.00,0.00,0.00,0.00,22545.00,22441.00,44986.00
ROCKHAMPTON,2022,12,20503.00,21265.00,41768.00,0.00,0.00,0.00,20503.00,21265.00,41768.00
ROCKHAMPTON,2023,1,19410.00,18552.00,37962.00,0.00,0.00,0.00,19410.00,18552.00,37962.00
ROCKHAMPTON,2023,2,19787.00,20157.00,39944.00,0.00,0.00,0.00,19787.00,20157.00,39944.00
ROCKHAMPTON,2023,3,26024.00,26325.00,52349.00,0.00,0.00,0.00,26024.00,26325.00,52349.00
ROCKHAMPTON,2023,4,25915.00,26023.00,51938.00,0.00,0.00,0.00,25915.00,26023.00,51938.00
ROCKHAMPTON,2023,5,28156.00,28295.00,56451.00,0.00,0.00,0.00,28156.00,28295.00,56451.00
ROCKHAMPTON,2023,6,28019.00,28025.00,56044.00,0.00,0.00,0.00,28019.00,28025.00,56044.00
ROCKHAMPTON,2023,7,30335.00,29536.00,59871.00,0.00,0.00,0.00,30335.00,29536.00,59871.00
ROCKHAMPTON,2023,8,28704.00,29340.00,58044.00,0.00,0.00,0.00,28704.00,29340.00,58044.00
ROCKHAMPTON,2023,9,28901.00,28755.00,57656.00,0.00,0.00,0.00,28901.00,28755.00,57656.00
ROCKHAMPTON,2023,10,28628.00,28335.00,56963.00,0.00,0.00,0.00,28628.00,28335.00,56963.00
ROCKHAMPTON,2023,11,27258.00,27927.00,55185.00,0.00,0.00,0.00,27258.00,27927.00,55185.00
ROCKHAMPTON,2023,12,25308.00,25068.00,50376.00,0.00,0.00,0.00,25308.00,25068.00,50376.00
ROCKHAMPTON,2024,1,23137.00,21781.00,44918.00,0.00,0.00,0.00,23137.00,21781.00,44918.00
ROCKHAMPTON,2024,2,24804.00,25222.00,50026.00,0.00,0.00,0.00,24804.00,25222.00,50026.00
ROCKHAMPTON,2024,3,28398.00,27865.00,56263.00,0.00,0.00,0.00,28398.00,27865.00,56263.00
ROCKHAMPTON,2024,4,28965.00,28067.00,57032.00,0.00,0.00,0.00,28965.00,28067.00,57032.00
ROCKHAMPTON,2024,5,28542.00,29108.00,57650.00,0.00,0.00,0.00,28542.00,29108.00,57650.00
ROCKHAMPTON,2024,6,25919.00,26335.00,52254.00,0.00,0.00,0.00,25919.00,26335.00,52254.00
ROCKHAMPTON,2024,7,28178.00,27538.00,55716.00,0.00,0.00,0.00,28178.00,27538.00,55716.00
ROCKHAMPTON,2024,8,27432.00,28233.00,55665.00,0.00,0.00,0.00,27432.00,28233.00,55665.00
ROCKHAMPTON,2024,9,29304.00,28759.00,58063.00,0.00,0.00,0.00,29304.00,28759.00,58063.00
ROCKHAMPTON,2024,10,29814.00,30319.00,60133.00,0.00,0.00,0.00,29814.00,30319.00,60133.00
ROCKHAMPTON,2024,11,27648.00,28852.00,56500.00,0.00,0.00,0.00,27648.00,28852.00,56500.00
ROCKHAMPTON,2024,12,25418.00,26248.00,51666.00,0.00,0.00,0.00,25418.00,26248.00,51666.00
ROCKHAMPTON,2025,1,23942.00,22920.00,46862.00,0.00,0.00,0.00,23942.00,22920.00,46862.00
ROCKHAMPTON,2025,2,23275.00,23914.00,47189.00,0.00,0.00,0.00,23275.00,23914.00,47189.00
ROCKHAMPTON,2025,3,24539.00,23995.00,48534.00,0.00,0.00,0.00,24539.00,23995.00,48534.00
ROCKHAMPTON,2025,4,26381.00,25934.00,52315.00,0.00,0.00,0.00,26381.00,25934.00,52315.00
ROCKHAMPTON,2025,5,28234.00,28917.00,57151.00,0.00,0.00,0.00,28234.00,28917.00,57151.00
ROCKHAMPTON,2025,6,27523.00,27281.00,54804.00,0.00,0.00,0.00,27523.00,27281.00,54804.00
SUNSHINE COAST,2009,1,45697.00,47665.00,93362.00,0.00,0.00,0.00,45697.00,47665.00,93362.00
SUNSHINE COAST,2009,2,31655.00,31563.00,63218.00,0.00,0.00,0.00,31655.00,31563.00,63218.00
SUNSHINE COAST,2009,3,35955.00,35832.00,71787.00,0.00,0.00,0.00,35955.00,35832.00,71787.00
SUNSHINE COAST,2009,4,37483.00,37954.00,75437.00,0.00,0.00,0.00,37483.00,37954.00,75437.00
SUNSHINE COAST,2009,5,34213.00,34168.00,68381.00,0.00,0.00,0.00,34213.00,34168.00,68381.00
SUNSHINE COAST,2009,6,31734.00,30909.00,62643.00,0.00,0.00,0.00,31734.00,30909.00,62643.00
SUNSHINE COAST,2009,7,35748.00,34738.00,70486.00,0.00,0.00,0.00,35748.00,34738.00,70486.00
SUNSHINE COAST,2009,8,35999.00,35808.00,71807.00,0.00,0.00,0.00,35999.00,35808.00,71807.00
SUNSHINE COAST,2009,9,35010.00,34510.00,69520.00,0.00,0.00,0.00,35010.00,34510.00,69520.00
SUNSHINE COAST,2009,10,37978.00,38239.00,76217.00,0.00,0.00,0.00,37978.00,38239.00,76217.00
SUNSHINE COAST,2009,11,34449.00,36311.00,70760.00,0.00,0.00,0.00,34449.00,36311.00,70760.00
SUNSHINE COAST,2009,12,33817.00,31572.00,65389.00,0.00,0.00,0.00,33817.00,31572.00,65389.00
SUNSHINE COAST,2010,1,34713.00,37517.00,72230.00,0.00,0.00,0.00,34713.00,37517.00,72230.00
SUNSHINE COAST,2010,2,28925.00,29019.00,57944.00,0.00,0.00,0.00,28925.00,29019.00,57944.00
SUNSHINE COAST,2010,3,31817.00,30574.00,62391.00,0.00,0.00,0.00,31817.00,30574.00,62391.00
SUNSHINE COAST,2010,4,34920.00,36742.00,71662.00,0.00,0.00,0.00,34920.00,36742.00,71662.00
SUNSHINE COAST,2010,5,31064.00,31888.00,62952.00,0.00,0.00,0.00,31064.00,31888.00,62952.00
SUNSHINE COAST,2010,6,30986.00,30062.00,61048.00,0.00,0.00,0.00,30986.00,30062.00,61048.00
SUNSHINE COAST,2010,7,39239.00,38214.00,77453.00,0.00,0.00,0.00,39239.00,38214.00,77453.00
SUNSHINE COAST,2010,8,36256.00,36552.00,72808.00,0.00,0.00,0.00,36256.00,36552.00,72808.00
SUNSHINE COAST,2010,9,40102.00,37481.00,77583.00,0.00,0.00,0.00,40102.00,37481.00,77583.00
SUNSHINE COAST,2010,10,41486.00,43119.00,84605.00,0.00,0.00,0.00,41486.00,43119.00,84605.00
SUNSHINE COAST,2010,11,39243.00,40850.00,80093.00,0.00,0.00,0.00,39243.00,40850.00,80093.00
SUNSHINE COAST,2010,12,42747.00,40153.00,82900.00,0.00,0.00,0.00,42747.00,40153.00,82900.00
SUNSHINE COAST,2011,1,41828.00,47366.00,89194.00,0.00,0.00,0.00,41828.00,47366.00,89194.00
SUNSHINE COAST,2011,2,30150.00,30658.00,60808.00,0.00,0.00,0.00,30150.00,30658.00,60808.00
SUNSHINE COAST,2011,3,36120.00,35698.00,71818.00,0.00,0.00,0.00,36120.00,35698.00,71818.00
SUNSHINE COAST,2011,4,43279.00,42511.00,85790.00,0.00,0.00,0.00,43279.00,42511.00,85790.00
SUNSHINE COAST,2011,5,33996.00,34824.00,68820.00,0.00,0.00,0.00,33996.00,34824.00,68820.00
SUNSHINE COAST,2011,6,31320.00,30983.00,62303.00,0.00,0.00,0.00,31320.00,30983.00,62303.00
SUNSHINE COAST,2011,7,39098.00,37432.00,76530.00,0.00,0.00,0.00,39098.00,37432.00,76530.00
SUNSHINE COAST,2011,8,31928.00,32338.00,64266.00,0.00,0.00,0.00,31928.00,32338.00,64266.00
SUNSHINE COAST,2011,9,36209.00,33826.00,70035.00,0.00,0.00,0.00,36209.00,33826.00,70035.00
SUNSHINE COAST,2011,10,34464.00,36932.00,71396.00,0.00,0.00,0.00,34464.00,36932.00,71396.00
SUNSHINE COAST,2011,11,31538.00,33287.00,64825.00,0.00,0.00,0.00,31538.00,33287.00,64825.00
SUNSHINE COAST,2011,12,36982.00,34648.00,71630.00,0.00,0.00,0.00,36982.00,34648.00,71630.00
SUNSHINE COAST,2012,1,38159.00,41261.00,79420.00,0.00,0.00,0.00,38159.00,41261.00,79420.00
SUNSHINE COAST,2012,2,27076.00,27246.00,54322.00,0.00,0.00,0.00,27076.00,27246.00,54322.00
SUNSHINE COAST,2012,3,30082.00,29475.00,59557.00,0.00,0.00,0.00,30082.00,29475.00,59557.00
SUNSHINE COAST,2012,4,32772.00,32788.00,65560.00,0.00,0.00,0.00,32772.00,32788.00,65560.00
SUNSHINE COAST,2012,5,28420.00,29068.00,57488.00,0.00,0.00,0.00,28420.00,29068.00,57488.00
SUNSHINE COAST,2012,6,28911.00,27169.00,56080.00,0.00,0.00,0.00,28911.00,27169.00,56080.00
SUNSHINE COAST,2012,7,33872.00,33736.00,67608.00,1229.00,1055.00,2284.00,35101.00,34791.00,69892.00
SUNSHINE COAST,2012,8,29763.00,29595.00,59358.00,1029.00,1003.00,2032.00,30792.00,30598.00,61390.00
SUNSHINE COAST,2012,9,37430.00,35925.00,73355.00,606.00,791.00,1397.00,38036.00,36716.00,74752.00
SUNSHINE COAST,2012,10,35579.00,37586.00,73165.00,0.00,0.00,0.00,35579.00,37586.00,73165.00
SUNSHINE COAST,2012,11,34918.00,36027.00,70945.00,0.00,0.00,0.00,34918.00,36027.00,70945.00
SUNSHINE COAST,2012,12,37389.00,35415.00,72804.00,0.00,0.00,0.00,37389.00,35415.00,72804.00
SUNSHINE COAST,2013,1,36254.00,38189.00,74443.00,0.00,0.00,0.00,36254.00,38189.00,74443.00
SUNSHINE COAST,2013,2,24714.00,24656.00,49370.00,0.00,0.00,0.00,24714.00,24656.00,49370.00
SUNSHINE COAST,2013,3,32048.00,30913.00,62961.00,0.00,0.00,0.00,32048.00,30913.00,62961.00
SUNSHINE COAST,2013,4,36161.00,37327.00,73488.00,0.00,0.00,0.00,36161.00,37327.00,73488.00
SUNSHINE COAST,2013,5,29685.00,30278.00,59963.00,0.00,0.00,0.00,29685.00,30278.00,59963.00
SUNSHINE COAST,2013,6,33169.00,31801.00,64970.00,511.00,329.00,840.00,33680.00,32130.00,65810.00
SUNSHINE COAST,2013,7,37078.00,37819.00,74897.00,1162.00,1071.00,2233.00,38240.00,38890.00,77130.00
SUNSHINE COAST,2013,8,36603.00,35762.00,72365.00,1044.00,982.00,2026.00,37647.00,36744.00,74391.00
SUNSHINE COAST,2013,9,41230.00,39147.00,80377.00,1128.00,1136.00,2264.00,42358.00,40283.00,82641.00
SUNSHINE COAST,2013,10,40790.00,42214.00,83004.00,553.00,489.00,1042.00,41343.00,42703.00,84046.00
SUNSHINE COAST,2013,11,38361.00,39769.00,78130.00,0.00,0.00,0.00,38361.00,39769.00,78130.00
SUNSHINE COAST,2013,12,42692.00,41439.00,84131.00,0.00,0.00,0.00,42692.00,41439.00,84131.00
SUNSHINE COAST,2014,1,43005.00,46710.00,89715.00,0.00,0.00,0.00,43005.00,46710.00,89715.00
SUNSHINE COAST,2014,2,29074.00,29820.00,58894.00,0.00,0.00,0.00,29074.00,29820.00,58894.00
SUNSHINE COAST,2014,3,35429.00,35329.00,70758.00,0.00,0.00,0.00,35429.00,35329.00,70758.00
SUNSHINE COAST,2014,4,38492.00,37941.00,76433.00,0.00,0.00,0.00,38492.00,37941.00,76433.00
SUNSHINE COAST,2014,5,30745.00,31349.00,62094.00,0.00,0.00,0.00,30745.00,31349.00,62094.00
SUNSHINE COAST,2014,6,32016.00,30493.00,62509.00,278.00,183.00,461.00,32294.00,30676.00,62970.00
SUNSHINE COAST,2014,7,36813.00,37428.00,74241.00,1508.00,1203.00,2711.00,38321.00,38631.00,76952.00
SUNSHINE COAST,2014,8,32624.00,32124.00,64748.00,1373.00,1191.00,2564.00,33997.00,33315.00,67312.00
SUNSHINE COAST,2014,9,38614.00,37179.00,75793.00,1234.00,1210.00,2444.00,39848.00,38389.00,78237.00
SUNSHINE COAST,2014,10,39738.00,40931.00,80669.00,1022.00,1046.00,2068.00,40760.00,41977.00,82737.00
SUNSHINE COAST,2014,11,35622.00,36709.00,72331.00,0.00,0.00,0.00,35622.00,36709.00,72331.00
SUNSHINE COAST,2014,12,37877.00,36038.00,73915.00,0.00,0.00,0.00,37877.00,36038.00,73915.00
SUNSHINE COAST,2015,1,37890.00,42048.00,79938.00,0.00,0.00,0.00,37890.00,42048.00,79938.00
SUNSHINE COAST,2015,2,26196.00,25986.00,52182.00,0.00,0.00,0.00,26196.00,25986.00,52182.00
SUNSHINE COAST,2015,3,32867.00,31577.00,64444.00,0.00,0.00,0.00,32867.00,31577.00,64444.00
SUNSHINE COAST,2015,4,36413.00,38432.00,74845.00,0.00,0.00,0.00,36413.00,38432.00,74845.00
SUNSHINE COAST,2015,5,29833.00,30090.00,59923.00,0.00,0.00,0.00,29833.00,30090.00,59923.00
SUNSHINE COAST,2015,6,33566.00,31083.00,64649.00,277.00,164.00,441.00,33843.00,31247.00,65090.00
SUNSHINE COAST,2015,7,39430.00,40072.00,79502.00,1771.00,1381.00,3152.00,41201.00,41453.00,82654.00
SUNSHINE COAST,2015,8,37099.00,37056.00,74155.00,1625.00,1570.00,3195.00,38724.00,38626.00,77350.00
SUNSHINE COAST,2015,9,44012.00,41811.00,85823.00,1643.00,1593.00,3236.00,45655.00,43404.00,89059.00
SUNSHINE COAST,2015,10,43308.00,45063.00,88371.00,1104.00,1133.00,2237.00,44412.00,46196.00,90608.00
SUNSHINE COAST,2015,11,39106.00,40016.00,79122.00,0.00,0.00,0.00,39106.00,40016.00,79122.00
SUNSHINE COAST,2015,12,43719.00,41433.00,85152.00,636.00,701.00,1337.00,44355.00,42134.00,86489.00
SUNSHINE COAST,2016,1,42454.00,47148.00,89602.00,1157.00,1031.00,2188.00,43611.00,48179.00,91790.00
SUNSHINE COAST,2016,2,31549.00,31537.00,63086.00,799.00,791.00,1590.00,32348.00,32328.00,64676.00
SUNSHINE COAST,2016,3,38086.00,37653.00,75739.00,0.00,0.00,0.00,38086.00,37653.00,75739.00
SUNSHINE COAST,2016,4,40425.00,41283.00,81708.00,0.00,0.00,0.00,40425.00,41283.00,81708.00
SUNSHINE COAST,2016,5,34073.00,34407.00,68480.00,0.00,0.00,0.00,34073.00,34407.00,68480.00
SUNSHINE COAST,2016,6,36604.00,33840.00,70444.00,0.00,0.00,0.00,36604.00,33840.00,70444.00
SUNSHINE COAST,2016,7,45489.00,45561.00,91050.00,2074.00,1472.00,3546.00,47563.00,47033.00,94596.00
SUNSHINE COAST,2016,8,38254.00,38622.00,76876.00,1740.00,1512.00,3252.00,39994.00,40134.00,80128.00
SUNSHINE COAST,2016,9,46247.00,44443.00,90690.00,1894.00,1746.00,3640.00,48141.00,46189.00,94330.00
SUNSHINE COAST,2016,10,47646.00,48922.00,96568.00,1663.00,1627.00,3290.00,49309.00,50549.00,99858.00
SUNSHINE COAST,2016,11,44417.00,46669.00,91086.00,0.00,0.00,0.00,44417.00,46669.00,91086.00
SUNSHINE COAST,2016,12,50172.00,47251.00,97423.00,0.00,0.00,0.00,50172.00,47251.00,97423.00
SUNSHINE COAST,2017,1,49190.00,53993.00,103183.00,0.00,0.00,0.00,49190.00,53993.00,103183.00
SUNSHINE COAST,2017,2,34293.00,34971.00,69264.00,0.00,0.00,0.00,34293.00,34971.00,69264.00
SUNSHINE COAST,2017,3,40638.00,40397.00,81035.00,0.00,0.00,0.00,40638.00,40397.00,81035.00
SUNSHINE COAST,2017,4,50593.00,50278.00,100871.00,0.00,0.00,0.00,50593.00,50278.00,100871.00
SUNSHINE COAST,2017,5,37113.00,37748.00,74861.00,0.00,0.00,0.00,37113.00,37748.00,74861.00
SUNSHINE COAST,2017,6,38577.00,36242.00,74819.00,0.00,0.00,0.00,38577.00,36242.00,74819.00
SUNSHINE COAST,2017,7,50839.00,49711.00,100550.00,1948.00,1355.00,3303.00,52787.00,51066.00,103853.00
SUNSHINE COAST,2017,8,42229.00,43299.00,85528.00,1776.00,1463.00,3239.00,44005.00,44762.00,88767.00
SUNSHINE COAST,2017,9,51975.00,48898.00,100873.00,1839.00,1731.00,3570.00,53814.00,50629.00,104443.00
SUNSHINE COAST,2017,10,53541.00,57037.00,110578.00,1882.00,1725.00,3607.00,55423.00,58762.00,114185.00
SUNSHINE COAST,2017,11,49954.00,51052.00,101006.00,0.00,0.00,0.00,49954.00,51052.00,101006.00
SUNSHINE COAST,2017,12,57051.00,53346.00,110397.00,0.00,0.00,0.00,57051.00,53346.00,110397.00
SUNSHINE COAST,2018,1,56675.00,62979.00,119654.00,0.00,0.00,0.00,56675.00,62979.00,119654.00
SUNSHINE COAST,2018,2,39789.00,40298.00,80087.00,0.00,0.00,0.00,39789.00,40298.00,80087.00
SUNSHINE COAST,2018,3,48749.00,46397.00,95146.00,0.00,0.00,0.00,48749.00,46397.00,95146.00
SUNSHINE COAST,2018,4,50703.00,52628.00,103331.00,0.00,0.00,0.00,50703.00,52628.00,103331.00
SUNSHINE COAST,2018,5,41866.00,42680.00,84546.00,0.00,0.00,0.00,41866.00,42680.00,84546.00
SUNSHINE COAST,2018,6,42877.00,40596.00,83473.00,0.00,0.00,0.00,42877.00,40596.00,83473.00
SUNSHINE COAST,2018,7,55230.00,54396.00,109626.00,1943.00,1380.00,3323.00,57173.00,55776.00,112949.00
SUNSHINE COAST,2018,8,51496.00,51623.00,103119.00,2175.00,1991.00,4166.00,53671.00,53614.00,107285.00
SUNSHINE COAST,2018,9,55141.00,53132.00,108273.00,1918.00,1727.00,3645.00,57059.00,54859.00,111918.00
SUNSHINE COAST,2018,10,56206.00,58514.00,114720.00,1583.00,1586.00,3169.00,57789.00,60100.00,117889.00
SUNSHINE COAST,2018,11,53067.00,53467.00,106534.00,0.00,0.00,0.00,53067.00,53467.00,106534.00
SUNSHINE COAST,2018,12,57912.00,54181.00,112093.00,0.00,0.00,0.00,57912.00,54181.00,112093.00
SUNSHINE COAST,2019,1,55988.00,61362.00,117350.00,0.00,0.00,0.00,55988.00,61362.00,117350.00
SUNSHINE COAST,2019,2,38801.00,39935.00,78736.00,0.00,0.00,0.00,38801.00,39935.00,78736.00
SUNSHINE COAST,2019,3,48596.00,47462.00,96058.00,0.00,0.00,0.00,48596.00,47462.00,96058.00
SUNSHINE COAST,2019,4,57922.00,57602.00,115524.00,0.00,0.00,0.00,57922.00,57602.00,115524.00
SUNSHINE COAST,2019,5,45297.00,45610.00,90907.00,0.00,0.00,0.00,45297.00,45610.00,90907.00
SUNSHINE COAST,2019,6,46464.00,43854.00,90318.00,0.00,0.00,0.00,46464.00,43854.00,90318.00
SUNSHINE COAST,2019,7,57693.00,57053.00,114746.00,1830.00,1209.00,3039.00,59523.00,58262.00,117785.00
SUNSHINE COAST,2019,8,52112.00,51992.00,104104.00,1994.00,1631.00,3625.00,54106.00,53623.00,107729.00
SUNSHINE COAST,2019,9,59157.00,56402.00,115559.00,2012.00,1844.00,3856.00,61169.00,58246.00,119415.00
SUNSHINE COAST,2019,10,59624.00,62335.00,121959.00,1252.00,1312.00,2564.00,60876.00,63647.00,124523.00
SUNSHINE COAST,2019,11,54862.00,55816.00,110678.00,0.00,0.00,0.00,54862.00,55816.00,110678.00
SUNSHINE COAST,2019,12,58993.00,55020.00,114013.00,0.00,0.00,0.00,58993.00,55020.00,114013.00
SUNSHINE COAST,2020,1,49802.00,53319.00,103121.00,0.00,0.00,0.00,49802.00,53319.00,103121.00
SUNSHINE COAST,2020,2,40821.00,41262.00,82083.00,0.00,0.00,0.00,40821.00,41262.00,82083.00
SUNSHINE COAST,2020,3,30794.00,31890.00,62684.00,0.00,0.00,0.00,30794.00,31890.00,62684.00
SUNSHINE COAST,2020,4,0.00,0.00,0.00,0.00,0.00,0.00,0.00,0.00,0.00
SUNSHINE COAST,2020,5,0.00,0.00,0.00,0.00,0.00,0.00,0.00,0.00,0.00
SUNSHINE COAST,2020,6,0.00,0.00,0.00,0.00,0.00,0.00,0.00,0.00,0.00
SUNSHINE COAST,2020,7,4595.00,4152.00,8747.00,0.00,0.00,0.00,4595.00,4152.00,8747.00
SUNSHINE COAST,2020,8,1032.00,1717.00,2749.00,0.00,0.00,0.00,1032.00,1717.00,2749.00
SUNSHINE COAST,2020,9,2320.00,2238.00,4558.00,0.00,0.00,0.00,2320.00,2238.00,4558.00
SUNSHINE COAST,2020,10,3472.00,3484.00,6956.00,0.00,0.00,0.00,3472.00,3484.00,6956.00
SUNSHINE COAST,2020,11,3424.00,3869.00,7293.00,0.00,0.00,0.00,3424.00,3869.00,7293.00
SUNSHINE COAST,2020,12,27355.00,21832.00,49187.00,0.00,0.00,0.00,27355.00,21832.00,49187.00
SUNSHINE COAST,2021,1,25047.00,32503.00,57550.00,0.00,0.00,0.00,25047.00,32503.00,57550.00
SUNSHINE COAST,2021,2,21393.00,22134.00,43527.00,0.00,0.00,0.00,21393.00,22134.00,43527.00
SUNSHINE COAST,2021,3,43943.00,41218.00,85161.00,0.00,0.00,0.00,43943.00,41218.00,85161.00
SUNSHINE COAST,2021,4,61111.00,62531.00,123642.00,0.00,0.00,0.00,61111.00,62531.00,123642.00
SUNSHINE COAST,2021,5,46629.00,47419.00,94048.00,0.00,0.00,0.00,46629.00,47419.00,94048.00
SUNSHINE COAST,2021,6,31625.00,29496.00,61121.00,0.00,0.00,0.00,31625.00,29496.00,61121.00
SUNSHINE COAST,2021,7,10807.00,16435.00,27242.00,202.00,310.00,512.00,11009.00,16745.00,27754.00
SUNSHINE COAST,2021,8,1300.00,2373.00,3673.00,0.00,0.00,0.00,1300.00,2373.00,3673.00
SUNSHINE COAST,2021,9,2662.00,3240.00,5902.00,0.00,0.00,0.00,2662.00,3240.00,5902.00
SUNSHINE COAST,2021,10,3101.00,3768.00,6869.00,0.00,0.00,0.00,3101.00,3768.00,6869.00
SUNSHINE COAST,2021,11,2922.00,3309.00,6231.00,0.00,0.00,0.00,2922.00,3309.00,6231.00
SUNSHINE COAST,2021,12,36858.00,24375.00,61233.00,0.00,0.00,0.00,36858.00,24375.00,61233.00
SUNSHINE COAST,2022,1,49489.00,58181.00,107670.00,0.00,0.00,0.00,49489.00,58181.00,107670.00
SUNSHINE COAST,2022,2,41318.00,41978.00,83296.00,0.00,0.00,0.00,41318.00,41978.00,83296.00
SUNSHINE COAST,2022,3,56238.00,56662.00,112900.00,0.00,0.00,0.00,56238.00,56662.00,112900.00
SUNSHINE COAST,2022,4,78320.00,76472.00,154792.00,0.00,0.00,0.00,78320.00,76472.00,154792.00
SUNSHINE COAST,2022,5,60284.00,62428.00,122712.00,0.00,0.00,0.00,60284.00,62428.00,122712.00
SUNSHINE COAST,2022,6,64883.00,58958.00,123841.00,0.00,0.00,0.00,64883.00,58958.00,123841.00
SUNSHINE COAST,2022,7,67840.00,70187.00,138027.00,898.00,718.00,1616.00,68738.00,70905.00,139643.00
SUNSHINE COAST,2022,8,58136.00,59006.00,117142.00,1211.00,1162.00,2373.00,59347.00,60168.00,119515.00
SUNSHINE COAST,2022,9,68869.00,65593.00,134462.00,1147.00,1224.00,2371.00,70016.00,66817.00,136833.00
SUNSHINE COAST,2022,10,67500.00,70500.00,138000.00,769.00,773.00,1542.00,68269.00,71273.00,139542.00
SUNSHINE COAST,2022,11,59695.00,63256.00,122951.00,0.00,0.00,0.00,59695.00,63256.00,122951.00
SUNSHINE COAST,2022,12,67791.00,61949.00,129740.00,0.00,0.00,0.00,67791.00,61949.00,129740.00
SUNSHINE COAST,2023,1,66640.00,72901.00,139541.00,0.00,0.00,0.00,66640.00,72901.00,139541.00
SUNSHINE COAST,2023,2,51830.00,51874.00,103704.00,0.00,0.00,0.00,51830.00,51874.00,103704.00
SUNSHINE COAST,2023,3,68061.00,68114.00,136175.00,0.00,0.00,0.00,68061.00,68114.00,136175.00
SUNSHINE COAST,2023,4,82618.00,81416.00,164034.00,0.00,0.00,0.00,82618.00,81416.00,164034.00
SUNSHINE COAST,2023,5,70948.00,71211.00,142159.00,0.00,0.00,0.00,70948.00,71211.00,142159.00
SUNSHINE COAST,2023,6,76961.00,71507.00,148468.00,433.00,287.00,720.00,77394.00,71794.00,149188.00
SUNSHINE COAST,2023,7,88757.00,88579.00,177336.00,1753.00,1577.00,3330.00,90510.00,90156.00,180666.00
SUNSHINE COAST,2023,8,76817.00,76271.00,153088.00,1585.00,1609.00,3194.00,78402.00,77880.00,156282.00
SUNSHINE COAST,2023,9,84121.00,81211.00,165332.00,1809.00,1791.00,3600.00,85930.00,83002.00,168932.00
SUNSHINE COAST,2023,10,83839.00,87512.00,171351.00,866.00,1073.00,1939.00,84705.00,88585.00,173290.00
SUNSHINE COAST,2023,11,81030.00,82314.00,163344.00,0.00,0.00,0.00,81030.00,82314.00,163344.00
SUNSHINE COAST,2023,12,93823.00,85783.00,179606.00,0.00,0.00,0.00,93823.00,85783.00,179606.00
SUNSHINE COAST,2024,1,86439.00,95264.00,181703.00,0.00,0.00,0.00,86439.00,95264.00,181703.00
SUNSHINE COAST,2024,2,71221.00,71108.00,142329.00,0.00,0.00,0.00,71221.00,71108.00,142329.00
SUNSHINE COAST,2024,3,80846.00,77795.00,158641.00,0.00,0.00,0.00,80846.00,77795.00,158641.00
SUNSHINE COAST,2024,4,79092.00,82672.00,161764.00,0.00,0.00,0.00,79092.00,82672.00,161764.00
SUNSHINE COAST,2024,5,58623.00,57977.00,116600.00,0.00,0.00,0.00,58623.00,57977.00,116600.00
SUNSHINE COAST,2024,6,57867.00,56029.00,113896.00,360.00,171.00,531.00,58227.00,56200.00,114427.00
SUNSHINE COAST,2024,7,66390.00,64841.00,131231.00,1895.00,1588.00,3483.00,68285.00,66429.00,134714.00
SUNSHINE COAST,2024,8,61442.00,60533.00,121975.00,1658.00,1574.00,3232.00,63100.00,62107.00,125207.00
SUNSHINE COAST,2024,9,64955.00,62546.00,127501.00,1757.00,1840.00,3597.00,66712.00,64386.00,131098.00
SUNSHINE COAST,2024,10,66367.00,69379.00,135746.00,1243.00,1327.00,2570.00,67610.00,70706.00,138316.00
SUNSHINE COAST,2024,11,69878.00,72170.00,142048.00,0.00,0.00,0.00,69878.00,72170.00,142048.00
SUNSHINE COAST,2024,12,80776.00,74650.00,155426.00,1135.00,1389.00,2524.00,81911.00,76039.00,157950.00
SUNSHINE COAST,2025,1,79593.00,85275.00,164868.00,2151.00,1829.00,3980.00,81744.00,87104.00,168848.00
SUNSHINE COAST,2025,2,56202.00,57390.00,113592.00,1236.00,1460.00,2696.00,57438.00,58850.00,116288.00
SUNSHINE COAST,2025,3,59844.00,59123.00,118967.00,1173.00,1045.00,2218.00,61017.00,60168.00,121185.00
SUNSHINE COAST,2025,4,66429.00,66436.00,132865.00,2093.00,1920.00,4013.00,68522.00,68356.00,136878.00
SUNSHINE COAST,2025,5,62674.00,62305.00,124979.00,1576.00,1507.00,3083.00,64250.00,63812.00,128062.00
SUNSHINE COAST,2025,6,62818.00,62916.00,125734.00,2151.00,1938.00,4089.00,64969.00,64854.00,129823.00
SYDNEY,2009,1,917544.00,929969.00,1847513.00,539079.00,457378.00,996457.00,1456623.00,1387347.00,2843970.00
SYDNEY,2009,2,834495.00,839110.00,1673605.00,428010.00,373914.00,801924.00,1262505.00,1213024.00,2475529.00
SYDNEY,2009,3,939082.00,935750.00,1874832.00,410673.00,411020.00,821693.00,1349755.00,1346770.00,2696525.00
SYDNEY,2009,4,920109.00,921212.00,1841321.00,429137.00,441485.00,870622.00,1349246.00,1362697.00,2711943.00
SYDNEY,2009,5,863230.00,854928.00,1718158.00,364220.00,395190.00,759410.00,1227450.00,1250118.00,2477568.00
SYDNEY,2009,6,828894.00,819146.00,1648040.00,363355.00,404533.00,767888.00,1192249.00,1223679.00,2415928.00
SYDNEY,2009,7,930385.00,960770.00,1891155.00,494278.00,447070.00,941348.00,1424663.00,1407840.00,2832503.00
SYDNEY,2009,8,943864.00,938179.00,1882043.00,433893.00,430252.00,864145.00,1377757.00,1368431.00,2746188.00
SYDNEY,2009,9,956042.00,956379.00,1912421.00,443209.00,436480.00,879689.00,1399251.00,1392859.00,2792110.00
SYDNEY,2009,10,1041829.00,1055951.00,2097780.00,523927.00,451566.00,975493.00,1565756.00,1507517.00,3073273.00
SYDNEY,2009,11,1004912.00,997604.00,2002516.00,440305.00,453940.00,894245.00,1445217.00,1451544.00,2896761.00
SYDNEY,2009,12,993441.00,979947.00,1973388.00,498977.00,563379.00,1062356.00,1492418.00,1543326.00,3035744.00
SYDNEY,2010,1,938593.00,953550.00,1892143.00,589167.00,521511.00,1110678.00,1527760.00,1475061.00,3002821.00
SYDNEY,2010,2,940950.00,936409.00,1877359.00,474091.00,424962.00,899053.00,1415041.00,1361371.00,2776412.00
SYDNEY,2010,3,1024000.00,1027486.00,2051486.00,451545.00,474798.00,926343.00,1475545.00,1502284.00,2977829.00
SYDNEY,2010,4,1003151.00,995055.00,1998206.00,441331.00,445549.00,886880.00,1444482.00,1440604.00,2885086.00
SYDNEY,2010,5,954506.00,949785.00,1904291.00,380176.00,422964.00,803140.00,1334682.00,1372749.00,2707431.00
SYDNEY,2010,6,938476.00,929688.00,1868164.00,402125.00,465000.00,867125.00,1340601.00,1394688.00,2735289.00
SYDNEY,2010,7,1028127.00,1054596.00,2082723.00,546386.00,469414.00,1015800.00,1574513.00,1524010.00,3098523.00
SYDNEY,2010,8,1023426.00,1009868.00,2033294.00,457069.00,471363.00,928432.00,1480495.00,1481231.00,2961726.00
SYDNEY,2010,9,1016828.00,1042725.00,2059553.00,473067.00,489387.00,962454.00,1489895.00,1532112.00,3022007.00
SYDNEY,2010,10,1098050.00,1091897.00,2189947.00,549162.00,459725.00,1008887.00,1647212.00,1551622.00,3198834.00
SYDNEY,2010,11,1056752.00,1051838.00,2108590.00,465698.00,478625.00,944323.00,1522450.00,1530463.00,3052913.00
SYDNEY,2010,12,1073348.00,1055700.00,2129048.00,514182.00,588240.00,1102422.00,1587530.00,1643940.00,3231470.00
SYDNEY,2011,1,990667.00,996394.00,1987061.00,617807.00,541526.00,1159333.00,1608474.00,1537920.00,3146394.00
SYDNEY,2011,2,925854.00,929005.00,1854859.00,487786.00,428500.00,916286.00,1413640.00,1357505.00,2771145.00
SYDNEY,2011,3,1039009.00,1034790.00,2073799.00,446942.00,456003.00,902945.00,1485951.00,1490793.00,2976744.00
SYDNEY,2011,4,1024659.00,1014734.00,2039393.00,466420.00,499769.00,966189.00,1491079.00,1514503.00,3005582.00
SYDNEY,2011,5,978205.00,970336.00,1948541.00,409295.00,443458.00,852753.00,1387500.00,1413794.00,2801294.00
SYDNEY,2011,6,901802.00,905444.00,1807246.00,404433.00,480056.00,884489.00,1306235.00,1385500.00,2691735.00
SYDNEY,2011,7,1022596.00,1041581.00,2064177.00,563461.00,476698.00,1040159.00,1586057.00,1518279.00,3104336.00
SYDNEY,2011,8,1010698.00,993479.00,2004177.00,462526.00,475601.00,938127.00,1473224.00,1469080.00,2942304.00
SYDNEY,2011,9,993432.00,1015818.00,2009250.00,482585.00,511900.00,994485.00,1476017.00,1527718.00,3003735.00
SYDNEY,2011,10,1032168.00,1027640.00,2059808.00,566982.00,463447.00,1030429.00,1599150.00,1491087.00,3090237.00
SYDNEY,2011,11,1023583.00,1019531.00,2043114.00,471165.00,480997.00,952162.00,1494748.00,1500528.00,2995276.00
SYDNEY,2011,12,1023737.00,1010189.00,2033926.00,516227.00,594998.00,1111225.00,1539964.00,1605187.00,3145151.00
SYDNEY,2012,1,976748.00,994534.00,1971282.00,636764.00,544134.00,1180898.00,1613512.00,1538668.00,3152180.00
SYDNEY,2012,2,922882.00,932060.00,1854942.00,502187.00,438793.00,940980.00,1425069.00,1370853.00,2795922.00
SYDNEY,2012,3,1045541.00,1031426.00,2076967.00,473869.00,498448.00,972317.00,1519410.00,1529874.00,3049284.00
SYDNEY,2012,4,1002005.00,1002316.00,2004321.00,493981.00,507349.00,1001330.00,1495986.00,1509665.00,3005651.00
SYDNEY,2012,5,986288.00,970793.00,1957081.00,415903.00,460344.00,876247.00,1402191.00,1431137.00,2833328.00
SYDNEY,2012,6,946941.00,943508.00,1890449.00,447918.00,531028.00,978946.00,1394859.00,1474536.00,2869395.00
SYDNEY,2012,7,1049721.00,1064864.00,2114585.00,585208.00,491435.00,1076643.00,1634929.00,1556299.00,3191228.00
SYDNEY,2012,8,1060628.00,1041343.00,2101971.00,490990.00,513955.00,1004945.00,1551618.00,1555298.00,3106916.00
SYDNEY,2012,9,1053607.00,1069913.00,2123520.00,512937.00,543135.00,1056072.00,1566544.00,1613048.00,3179592.00
SYDNEY,2012,10,1111778.00,1107024.00,2218802.00,582555.00,480934.00,1063489.00,1694333.00,1587958.00,3282291.00
SYDNEY,2012,11,1098924.00,1093331.00,2192255.00,503626.00,522024.00,1025650.00,1602550.00,1615355.00,3217905.00
SYDNEY,2012,12,1078993.00,1053709.00,2132702.00,556732.00,634944.00,1191676.00,1635725.00,1688653.00,3324378.00
SYDNEY,2013,1,1021964.00,1040218.00,2062182.00,651121.00,559445.00,1210566.00,1673085.00,1599663.00,3272748.00
SYDNEY,2013,2,938481.00,940265.00,1878746.00,513791.00,460487.00,974278.00,1452272.00,1400752.00,2853024.00
SYDNEY,2013,3,1063795.00,1050688.00,2114483.00,507531.00,532984.00,1040515.00,1571326.00,1583672.00,3154998.00
SYDNEY,2013,4,1054470.00,1048890.00,2103360.00,507852.00,520156.00,1028008.00,1562322.00,1569046.00,3131368.00
SYDNEY,2013,5,1004327.00,991223.00,1995550.00,447696.00,488558.00,936254.00,1452023.00,1479781.00,2931804.00
SYDNEY,2013,6,972477.00,974320.00,1946797.00,466995.00,542461.00,1009456.00,1439472.00,1516781.00,2956253.00
SYDNEY,2013,7,1101767.00,1102001.00,2203768.00,609690.00,529985.00,1139675.00,1711457.00,1631986.00,3343443.00
SYDNEY,2013,8,1076609.00,1058103.00,2134712.00,523344.00,542194.00,1065538.00,1599953.00,1600297.00,3200250.00
SYDNEY,2013,9,1042028.00,1061600.00,2103628.00,536112.00,561318.00,1097430.00,1578140.00,1622918.00,3201058.00
SYDNEY,2013,10,1149680.00,1144501.00,2294181.00,610674.00,497724.00,1108398.00,1760354.00,1642225.00,3402579.00
SYDNEY,2013,11,1088671.00,1080518.00,2169189.00,530129.00,542880.00,1073009.00,1618800.00,1623398.00,3242198.00
SYDNEY,2013,12,1113579.00,1096486.00,2210065.00,578786.00,671972.00,1250758.00,1692365.00,1768458.00,3460823.00
SYDNEY,2014,1,1065915.00,1082908.00,2148823.00,698668.00,608317.00,1306985.00,1764583.00,1691225.00,3455808.00
SYDNEY,2014,2,966175.00,953742.00,1919917.00,541240.00,495993.00,1037233.00,1507415.00,1449735.00,2957150.00
SYDNEY,2014,3,1075212.00,1065090.00,2140302.00,513803.00,530525.00,1044328.00,1589015.00,1595615.00,3184630.00
SYDNEY,2014,4,1054858.00,1046448.00,2101306.00,526287.00,566949.00,1093236.00,1581145.00,1613397.00,3194542.00
SYDNEY,2014,5,1017429.00,1001898.00,2019327.00,483268.00,509089.00,992357.00,1500697.00,1510987.00,3011684.00
SYDNEY,2014,6,972837.00,972810.00,1945647.00,463814.00,565678.00,1029492.00,1436651.00,1538488.00,2975139.00
SYDNEY,2014,7,1088070.00,1090076.00,2178146.00,613345.00,528745.00,1142090.00,1701415.00,1618821.00,3320236.00
SYDNEY,2014,8,1072351.00,1056340.00,2128691.00,524448.00,551983.00,1076431.00,1596799.00,1608323.00,3205122.00
SYDNEY,2014,9,1057089.00,1070473.00,2127562.00,535529.00,554031.00,1089560.00,1592618.00,1624504.00,3217122.00
SYDNEY,2014,10,1174641.00,1172420.00,2347061.00,616131.00,519670.00,1135801.00,1790772.00,1692090.00,3482862.00
SYDNEY,2014,11,1088111.00,1083123.00,2171234.00,542097.00,546503.00,1088600.00,1630208.00,1629626.00,3259834.00
SYDNEY,2014,12,1100833.00,1088258.00,2189091.00,593553.00,686169.00,1279722.00,1694386.00,1774427.00,3468813.00
SYDNEY,2015,1,1039522.00,1046901.00,2086423.00,711721.00,614666.00,1326387.00,1751243.00,1661567.00,3412810.00
SYDNEY,2015,2,973110.00,970584.00,1943694.00,563101.00,503262.00,1066363.00,1536211.00,1473846.00,3010057.00
SYDNEY,2015,3,1105157.00,1095693.00,2200850.00,557245.00,579473.00,1136718.00,1662402.00,1675166.00,3337568.00
SYDNEY,2015,4,1056659.00,1058151.00,2114810.00,547174.00,551891.00,1099065.00,1603833.00,1610042.00,3213875.00
SYDNEY,2015,5,1029545.00,1017224.00,2046769.00,488608.00,519255.00,1007863.00,1518153.00,1536479.00,3054632.00
SYDNEY,2015,6,983350.00,995667.00,1979017.00,487652.00,572404.00,1060056.00,1471002.00,1568071.00,3039073.00
SYDNEY,2015,7,1134247.00,1139638.00,2273885.00,643544.00,567433.00,1210977.00,1777791.00,1707071.00,3484862.00
SYDNEY,2015,8,1080332.00,1065663.00,2145995.00,553594.00,567291.00,1120885.00,1633926.00,1632954.00,3266880.00
SYDNEY,2015,9,1087857.00,1109278.00,2197135.00,572834.00,579569.00,1152403.00,1660691.00,1688847.00,3349538.00
SYDNEY,2015,10,1176002.00,1166705.00,2342707.00,639213.00,552224.00,1191437.00,1815215.00,1718929.00,3534144.00
SYDNEY,2015,11,1135940.00,1126558.00,2262498.00,570432.00,579909.00,1150341.00,1706372.00,1706467.00,3412839.00
SYDNEY,2015,12,1157667.00,1146169.00,2303836.00,643342.00,745391.00,1388733.00,1801009.00,1891560.00,3692569.00
SYDNEY,2016,1,1104447.00,1113703.00,2218150.00,781878.00,675908.00,1457786.00,1886325.00,1789611.00,3675936.00
SYDNEY,2016,2,1056881.00,1054242.00,2111123.00,636639.00,567917.00,1204556.00,1693520.00,1622159.00,3315679.00
SYDNEY,2016,3,1162751.00,1135735.00,2298486.00,601343.00,625198.00,1226541.00,1764094.00,1760933.00,3525027.00
SYDNEY,2016,4,1105980.00,1120670.00,2226650.00,602761.00,612185.00,1214946.00,1708741.00,1732855.00,3441596.00
SYDNEY,2016,5,1072295.00,1055096.00,2127391.00,526968.00,555830.00,1082798.00,1599263.00,1610926.00,3210189.00
SYDNEY,2016,6,1032639.00,1022740.00,2055379.00,524116.00,616675.00,1140791.00,1556755.00,1639415.00,3196170.00
SYDNEY,2016,7,1154741.00,1177544.00,2332285.00,719961.00,627148.00,1347109.00,1874702.00,1804692.00,3679394.00
SYDNEY,2016,8,1112898.00,1096154.00,2209052.00,601925.00,608827.00,1210752.00,1714823.00,1704981.00,3419804.00
SYDNEY,2016,9,1125415.00,1159911.00,2285326.00,617389.00,630118.00,1247507.00,1742804.00,1790029.00,3532833.00
SYDNEY,2016,10,1202970.00,1174544.00,2377514.00,693223.00,588318.00,1281541.00,1896193.00,1762862.00,3659055.00
SYDNEY,2016,11,1170274.00,1167166.00,2337440.00,605826.00,622927.00,1228753.00,1776100.00,1790093.00,3566193.00
SYDNEY,2016,12,1162146.00,1165002.00,2327148.00,681661.00,787236.00,1468897.00,1843807.00,1952238.00,3796045.00
SYDNEY,2017,1,1127330.00,1128197.00,2255527.00,835438.00,724531.00,1559969.00,1962768.00,1852728.00,3815496.00
SYDNEY,2017,2,1029813.00,1028231.00,2058044.00,655651.00,570218.00,1225869.00,1685464.00,1598449.00,3283913.00
SYDNEY,2017,3,1174197.00,1156629.00,2330826.00,614723.00,629062.00,1243785.00,1788920.00,1785691.00,3574611.00
SYDNEY,2017,4,1120311.00,1122762.00,2243073.00,664691.00,681401.00,1346092.00,1785002.00,1804163.00,3589165.00
SYDNEY,2017,5,1095571.00,1085506.00,2181077.00,562979.00,593638.00,1156617.00,1658550.00,1679144.00,3337694.00
SYDNEY,2017,6,1060307.00,1056841.00,2117148.00,569557.00,673314.00,1242871.00,1629864.00,1730155.00,3360019.00
SYDNEY,2017,7,1180867.00,1187367.00,2368234.00,760491.00,662542.00,1423033.00,1941358.00,1849909.00,3791267.00
SYDNEY,2017,8,1125981.00,1110360.00,2236341.00,644683.00,655860.00,1300543.00,1770664.00,1766220.00,3536884.00
SYDNEY,2017,9,1120569.00,1149275.00,2269844.00,657428.00,669922.00,1327350.00,1777997.00,1819197.00,3597194.00
SYDNEY,2017,10,1234112.00,1210014.00,2444126.00,727017.00,618485.00,1345502.00,1961129.00,1828499.00,3789628.00
SYDNEY,2017,11,1206765.00,1204038.00,2410803.00,644589.00,666967.00,1311556.00,1851354.00,1871005.00,3722359.00
SYDNEY,2017,12,1186961.00,1189870.00,2376831.00,720485.00,834514.00,1554999.00,1907446.00,2024384.00,3931830.00
SYDNEY,2018,1,1153562.00,1141771.00,2295333.00,852699.00,733634.00,1586333.00,2006261.00,1875405.00,3881666.00
SYDNEY,2018,2,1065983.00,1071878.00,2137861.00,696311.00,617701.00,1314012.00,1762294.00,1689579.00,3451873.00
SYDNEY,2018,3,1207474.00,1205485.00,2412959.00,676261.00,692921.00,1369182.00,1883735.00,1898406.00,3782141.00
SYDNEY,2018,4,1164271.00,1149887.00,2314158.00,672810.00,700606.00,1373416.00,1837081.00,1850493.00,3687574.00
SYDNEY,2018,5,1115328.00,1093690.00,2209018.00,605693.00,624178.00,1229871.00,1721021.00,1717868.00,3438889.00
SYDNEY,2018,6,1075953.00,1052376.00,2128329.00,592992.00,702206.00,1295198.00,1668945.00,1754582.00,3423527.00
SYDNEY,2018,7,1185423.00,1217202.00,2402625.00,793662.00,696321.00,1489983.00,1979085.00,1913523.00,3892608.00
SYDNEY,2018,8,1169183.00,1156881.00,2326064.00,675440.00,686667.00,1362107.00,1844623.00,1843548.00,3688171.00
SYDNEY,2018,9,1127214.00,1132581.00,2259795.00,672762.00,684833.00,1357595.00,1799976.00,1817414.00,3617390.00
SYDNEY,2018,10,1241043.00,1241669.00,2482712.00,779641.00,656652.00,1436293.00,2020684.00,1898321.00,3919005.00
SYDNEY,2018,11,1190236.00,1191362.00,2381598.00,663086.00,684189.00,1347275.00,1853322.00,1875551.00,3728873.00
SYDNEY,2018,12,1155410.00,1161411.00,2316821.00,734848.00,866372.00,1601220.00,1890258.00,2027783.00,3918041.00
SYDNEY,2019,1,1151296.00,1138031.00,2289327.00,887489.00,768912.00,1656401.00,2038785.00,1906943.00,3945728.00
SYDNEY,2019,2,1041047.00,1041948.00,2082995.00,707952.00,612960.00,1320912.00,1748999.00,1654908.00,3403907.00
SYDNEY,2019,3,1168035.00,1163665.00,2331700.00,656438.00,672111.00,1328549.00,1824473.00,1835776.00,3660249.00
SYDNEY,2019,4,1143091.00,1140011.00,2283102.00,681293.00,719809.00,1401102.00,1824384.00,1859820.00,3684204.00
SYDNEY,2019,5,1112636.00,1105077.00,2217713.00,641103.00,658543.00,1299646.00,1753739.00,1763620.00,3517359.00
SYDNEY,2019,6,1056674.00,1037459.00,2094133.00,609046.00,697055.00,1306101.00,1665720.00,1734514.00,3400234.00
SYDNEY,2019,7,1179466.00,1208057.00,2387523.00,758328.00,692756.00,1451084.00,1937794.00,1900813.00,3838607.00
SYDNEY,2019,8,1154302.00,1141216.00,2295518.00,688054.00,695834.00,1383888.00,1842356.00,1837050.00,3679406.00
SYDNEY,2019,9,1138830.00,1146456.00,2285286.00,668842.00,689778.00,1358620.00,1807672.00,1836234.00,3643906.00
SYDNEY,2019,10,1276535.00,1267353.00,2543888.00,759129.00,665258.00,1424387.00,2035664.00,1932611.00,3968275.00
SYDNEY,2019,11,1190189.00,1188233.00,2378422.00,677641.00,682256.00,1359897.00,1867830.00,1870489.00,3738319.00
SYDNEY,2019,12,1167955.00,1180842.00,2348797.00,728207.00,871647.00,1599854.00,1896162.00,2052489.00,3948651.00
SYDNEY,2020,1,1142353.00,1131604.00,2273957.00,877231.00,775800.00,1653031.00,2019584.00,1907404.00,3926988.00
SYDNEY,2020,2,1003957.00,983714.00,1987671.00,595097.00,506896.00,1101993.00,1599054.00,1490610.00,3089664.00
SYDNEY,2020,3,657237.00,661525.00,1318762.00,341102.00,344459.00,685561.00,998339.00,1005984.00,2004323.00
SYDNEY,2020,4,28082.00,20096.00,48178.00,7751.00,33619.00,41370.00,35833.00,53715.00,89548.00
SYDNEY,2020,5,33504.00,28774.00,62278.00,10119.00,20218.00,30337.00,43623.00,48992.00,92615.00
SYDNEY,2020,6,74605.00,65547.00,140152.00,12537.00,21934.00,34471.00,87142.00,87481.00,174623.00
SYDNEY,2020,7,134227.00,140497.00,274724.00,12877.00,29798.00,42675.00,147104.00,170295.00,317399.00
SYDNEY,2020,8,55176.00,35022.00,90198.00,9825.00,28770.00,38595.00,65001.00,63792.00,128793.00
SYDNEY,2020,9,51249.00,45899.00,97148.00,10035.00,24897.00,34932.00,61284.00,70796.00,132080.00
SYDNEY,2020,10,96350.00,89142.00,185492.00,13108.00,23983.00,37091.00,109458.00,113125.00,222583.00
SYDNEY,2020,11,158324.00,148823.00,307147.00,15900.00,24368.00,40268.00,174224.00,173191.00,347415.00
SYDNEY,2020,12,322699.00,336374.00,659073.00,16152.00,26436.00,42588.00,338851.00,362810.00,701661.00
SYDNEY,2021,1,114029.00,82773.00,196802.00,11032.00,20684.00,31716.00,125061.00,103457.00,228518.00
SYDNEY,2021,2,292959.00,302746.00,595705.00,9983.00,14635.00,24618.00,302942.00,317381.00,620323.00
SYDNEY,2021,3,556632.00,564536.00,1121168.00,13957.00,15381.00,29338.00,570589.00,579917.00,1150506.00
SYDNEY,2021,4,750556.00,738789.00,1489345.00,21742.00,27003.00,48745.00,772298.00,765792.00,1538090.00
SYDNEY,2021,5,676101.00,671249.00,1347350.00,41234.00,42708.00,83942.00,717335.00,713957.00,1431292.00
SYDNEY,2021,6,453658.00,451817.00,905475.00,39699.00,40536.00,80235.00,493357.00,492353.00,985710.00
SYDNEY,2021,7,40553.00,27111.00,67664.00,12380.00,19811.00,32191.00,52933.00,46922.00,99855.00
SYDNEY,2021,8,13222.00,11544.00,24766.00,7955.00,18448.00,26403.00,21177.00,29992.00,51169.00
SYDNEY,2021,9,12745.00,9916.00,22661.00,4410.00,14062.00,18472.00,17155.00,23978.00,41133.00
SYDNEY,2021,10,25530.00,19808.00,45338.00,3662.00,15753.00,19415.00,29192.00,35561.00,64753.00
SYDNEY,2021,11,205713.00,200654.00,406367.00,42178.00,49870.00,92048.00,247891.00,250524.00,498415.00
SYDNEY,2021,12,454384.00,494734.00,949118.00,112764.00,129642.00,242406.00,567148.00,624376.00,1191524.00
SYDNEY,2022,1,485546.00,464651.00,950197.00,153721.00,103167.00,256888.00,639267.00,567818.00,1207085.00
SYDNEY,2022,2,494968.00,506011.00,1000979.00,134032.00,88762.00,222794.00,629000.00,594773.00,1223773.00
SYDNEY,2022,3,749213.00,751972.00,1501185.00,177024.00,160206.00,337230.00,926237.00,912178.00,1838415.00
SYDNEY,2022,4,971618.00,965691.00,1937309.00,259434.00,279098.00,538532.00,1231052.00,1244789.00,2475841.00
SYDNEY,2022,5,917829.00,913466.00,1831295.00,287411.00,289660.00,577071.00,1205240.00,1203126.00,2408366.00
SYDNEY,2022,6,939255.00,934024.00,1873279.00,319268.00,376620.00,695888.00,1258523.00,1310644.00,2569167.00
SYDNEY,2022,7,991750.00,998766.00,1990516.00,449878.00,404429.00,854307.00,1441628.00,1403195.00,2844823.00
SYDNEY,2022,8,934771.00,926384.00,1861155.00,420285.00,385639.00,805924.00,1355056.00,1312023.00,2667079.00
SYDNEY,2022,9,962376.00,987040.00,1949416.00,433437.00,429297.00,862734.00,1395813.00,1416337.00,2812150.00
SYDNEY,2022,10,1037067.00,1008502.00,2045569.00,491670.00,415469.00,907139.00,1528737.00,1423971.00,2952708.00
SYDNEY,2022,11,1002829.00,992588.00,1995417.00,484849.00,489552.00,974401.00,1487678.00,1482140.00,2969818.00
SYDNEY,2022,12,964858.00,971746.00,1936604.00,529261.00,621131.00,1150392.00,1494119.00,1592877.00,3086996.00
SYDNEY,2023,1,948915.00,939497.00,1888412.00,671268.00,574067.00,1245335.00,1620183.00,1513564.00,3133747.00
SYDNEY,2023,2,861434.00,863783.00,1725217.00,566934.00,453954.00,1020888.00,1428368.00,1317737.00,2746105.00
SYDNEY,2023,3,1031011.00,1047451.00,2078462.00,551400.00,551878.00,1103278.00,1582411.00,1599329.00,3181740.00
SYDNEY,2023,4,989792.00,971078.00,1960870.00,560311.00,570535.00,1130846.00,1550103.00,1541613.00,3091716.00
SYDNEY,2023,5,966916.00,964192.00,1931108.00,534733.00,553471.00,1088204.00,1501649.00,1517663.00,3019312.00
SYDNEY,2023,6,953000.00,941898.00,1894898.00,543365.00,626860.00,1170225.00,1496365.00,1568758.00,3065123.00
SYDNEY,2023,7,1025041.00,1047334.00,2072375.00,705713.00,602013.00,1307726.00,1730754.00,1649347.00,3380101.00
SYDNEY,2023,8,1017021.00,1001240.00,2018261.00,624566.00,612723.00,1237289.00,1641587.00,1613963.00,3255550.00
SYDNEY,2023,9,1035511.00,1058562.00,2094073.00,638554.00,640991.00,1279545.00,1674065.00,1699553.00,3373618.00
SYDNEY,2023,10,1106033.00,1077919.00,2183952.00,695855.00,594999.00,1290854.00,1801888.00,1672918.00,3474806.00
SYDNEY,2023,11,1080530.00,1067998.00,2148528.00,624043.00,641640.00,1265683.00,1704573.00,1709638.00,3414211.00
SYDNEY,2023,12,1039226.00,1043350.00,2082576.00,680443.00,818725.00,1499168.00,1719669.00,1862075.00,3581744.00
SYDNEY,2024,1,1015444.00,1015279.00,2030723.00,853678.00,701745.00,1555423.00,1869122.00,1717024.00,3586146.00
SYDNEY,2024,2,999591.00,991141.00,1990732.00,708756.00,597237.00,1305993.00,1708347.00,1588378.00,3296725.00
SYDNEY,2024,3,1069650.00,1063723.00,2133373.00,633865.00,672069.00,1305934.00,1703515.00,1735792.00,3439307.00
SYDNEY,2024,4,1020395.00,1027326.00,2047721.00,646591.00,663606.00,1310197.00,1666986.00,1690932.00,3357918.00
SYDNEY,2024,5,1010450.00,996124.00,2006574.00,599358.00,617617.00,1216975.00,1609808.00,1613741.00,3223549.00
SYDNEY,2024,6,969690.00,941819.00,1911509.00,589647.00,683744.00,1273391.00,1559337.00,1625563.00,3184900.00
SYDNEY,2024,7,1046005.00,1085587.00,2131592.00,746729.00,648790.00,1395519.00,1792734.00,1734377.00,3527111.00
SYDNEY,2024,8,1043441.00,1026873.00,2070314.00,641894.00,658433.00,1300327.00,1685335.00,1685306.00,3370641.00
SYDNEY,2024,9,1041837.00,1049191.00,2091028.00,668361.00,694792.00,1363153.00,1710198.00,1743983.00,3454181.00
SYDNEY,2024,10,1161905.00,1144870.00,2306775.00,753747.00,655141.00,1408888.00,1915652.00,1800011.00,3715663.00
SYDNEY,2024,11,1092224.00,1084473.00,2176697.00,668969.00,699082.00,1368051.00,1761193.00,1783555.00,3544748.00
SYDNEY,2024,12,1076107.00,1083747.00,2159854.00,720211.00,879579.00,1599790.00,1796318.00,1963326.00,3759644.00
SYDNEY,2025,1,1065796.00,1070652.00,2136448.00,912257.00,789368.00,1701625.00,1978053.00,1860020.00,3838073.00
SYDNEY,2025,2,948000.00,928841.00,1876841.00,730795.00,590082.00,1320877.00,1678795.00,1518923.00,3197718.00
SYDNEY,2025,3,1029027.00,1032150.00,2061177.00,655331.00,659931.00,1315262.00,1684358.00,1692081.00,3376439.00
SYDNEY,2025,4,1063493.00,1067978.00,2131471.00,670335.00,720564.00,1390899.00,1733828.00,1788542.00,3522370.00
SYDNEY,2025,5,1021289.00,1011431.00,2032720.00,640137.00,648323.00,1288460.00,1661426.00,1659754.00,3321180.00
SYDNEY,2025,6,962779.00,956845.00,1919624.00,610293.00,688177.00,1298470.00,1573072.00,1645022.00,3218094.00
TOWNSVILLE,2009,1,54834.00,51765.00,106599.00,0.00,0.00,0.00,54834.00,51765.00,106599.00
TOWNSVILLE,2009,2,46833.00,47178.00,94011.00,0.00,0.00,0.00,46833.00,47178.00,94011.00
TOWNSVILLE,2009,3,56789.00,56637.00,113426.00,0.00,0.00,0.00,56789.00,56637.00,113426.00
TOWNSVILLE,2009,4,61354.00,60487.00,121841.00,0.00,0.00,0.00,61354.00,60487.00,121841.00
TOWNSVILLE,2009,5,64684.00,63709.00,128393.00,0.00,0.00,0.00,64684.00,63709.00,128393.00
TOWNSVILLE,2009,6,63939.00,62856.00,126795.00,0.00,0.00,0.00,63939.00,62856.00,126795.00
TOWNSVILLE,2009,7,72573.00,70681.00,143254.00,0.00,0.00,0.00,72573.00,70681.00,143254.00
TOWNSVILLE,2009,8,67166.00,66240.00,133406.00,0.00,0.00,0.00,67166.00,66240.00,133406.00
TOWNSVILLE,2009,9,64553.00,65331.00,129884.00,0.00,0.00,0.00,64553.00,65331.00,129884.00
TOWNSVILLE,2009,10,67100.00,66383.00,133483.00,0.00,0.00,0.00,67100.00,66383.00,133483.00
TOWNSVILLE,2009,11,62942.00,62726.00,125668.00,0.00,0.00,0.00,62942.00,62726.00,125668.00
TOWNSVILLE,2009,12,61371.00,64099.00,125470.00,0.00,0.00,0.00,61371.00,64099.00,125470.00
TOWNSVILLE,2010,1,57683.00,54094.00,111777.00,0.00,0.00,0.00,57683.00,54094.00,111777.00
TOWNSVILLE,2010,2,54481.00,54482.00,108963.00,0.00,0.00,0.00,54481.00,54482.00,108963.00
TOWNSVILLE,2010,3,61328.00,59317.00,120645.00,0.00,0.00,0.00,61328.00,59317.00,120645.00
TOWNSVILLE,2010,4,63419.00,62319.00,125738.00,0.00,0.00,0.00,63419.00,62319.00,125738.00
TOWNSVILLE,2010,5,63472.00,62951.00,126423.00,0.00,0.00,0.00,63472.00,62951.00,126423.00
TOWNSVILLE,2010,6,66906.00,66752.00,133658.00,0.00,0.00,0.00,66906.00,66752.00,133658.00
TOWNSVILLE,2010,7,74752.00,73971.00,148723.00,0.00,0.00,0.00,74752.00,73971.00,148723.00
TOWNSVILLE,2010,8,73506.00,72594.00,146100.00,0.00,0.00,0.00,73506.00,72594.00,146100.00
TOWNSVILLE,2010,9,71311.00,73482.00,144793.00,0.00,0.00,0.00,71311.00,73482.00,144793.00
TOWNSVILLE,2010,10,72820.00,73249.00,146069.00,0.00,0.00,0.00,72820.00,73249.00,146069.00
TOWNSVILLE,2010,11,65417.00,67350.00,132767.00,0.00,0.00,0.00,65417.00,67350.00,132767.00
TOWNSVILLE,2010,12,68741.00,74353.00,143094.00,432.00,882.00,1314.00,69173.00,75235.00,144408.00
TOWNSVILLE,2011,1,63002.00,56390.00,119392.00,1124.00,818.00,1942.00,64126.00,57208.00,121334.00
TOWNSVILLE,2011,2,52145.00,51796.00,103941.00,567.00,593.00,1160.00,52712.00,52389.00,105101.00
TOWNSVILLE,2011,3,66595.00,67266.00,133861.00,537.00,617.00,1154.00,67132.00,67883.00,135015.00
TOWNSVILLE,2011,4,67086.00,66172.00,133258.00,437.00,567.00,1004.00,67523.00,66739.00,134262.00
TOWNSVILLE,2011,5,68038.00,68072.00,136110.00,524.00,321.00,845.00,68562.00,68393.00,136955.00
TOWNSVILLE,2011,6,66706.00,67428.00,134134.00,355.00,399.00,754.00,67061.00,67827.00,134888.00
TOWNSVILLE,2011,7,76522.00,74194.00,150716.00,611.00,514.00,1125.00,77133.00,74708.00,151841.00
TOWNSVILLE,2011,8,70256.00,72262.00,142518.00,400.00,340.00,740.00,70656.00,72602.00,143258.00
TOWNSVILLE,2011,9,70603.00,72577.00,143180.00,476.00,290.00,766.00,71079.00,72867.00,143946.00
TOWNSVILLE,2011,10,69682.00,69745.00,139427.00,15.00,87.00,102.00,69697.00,69832.00,139529.00
TOWNSVILLE,2011,11,65601.00,67450.00,133051.00,0.00,0.00,0.00,65601.00,67450.00,133051.00
TOWNSVILLE,2011,12,66509.00,71194.00,137703.00,0.00,0.00,0.00,66509.00,71194.00,137703.00
TOWNSVILLE,2012,1,62176.00,57171.00,119347.00,0.00,0.00,0.00,62176.00,57171.00,119347.00
TOWNSVILLE,2012,2,58957.00,58549.00,117506.00,0.00,0.00,0.00,58957.00,58549.00,117506.00
TOWNSVILLE,2012,3,65382.00,67338.00,132720.00,0.00,0.00,0.00,65382.00,67338.00,132720.00
TOWNSVILLE,2012,4,67048.00,64734.00,131782.00,0.00,0.00,0.00,67048.00,64734.00,131782.00
TOWNSVILLE,2012,5,68538.00,68825.00,137363.00,0.00,0.00,0.00,68538.00,68825.00,137363.00
TOWNSVILLE,2012,6,69123.00,69402.00,138525.00,0.00,0.00,0.00,69123.00,69402.00,138525.00
TOWNSVILLE,2012,7,74222.00,72849.00,147071.00,0.00,0.00,0.00,74222.00,72849.00,147071.00
TOWNSVILLE,2012,8,68534.00,70183.00,138717.00,0.00,0.00,0.00,68534.00,70183.00,138717.00
TOWNSVILLE,2012,9,67250.00,68960.00,136210.00,0.00,0.00,0.00,67250.00,68960.00,136210.00
TOWNSVILLE,2012,10,72062.00,71252.00,143314.00,0.00,0.00,0.00,72062.00,71252.00,143314.00
TOWNSVILLE,2012,11,65396.00,67853.00,133249.00,0.00,0.00,0.00,65396.00,67853.00,133249.00
TOWNSVILLE,2012,12,64520.00,69414.00,133934.00,0.00,0.00,0.00,64520.00,69414.00,133934.00
TOWNSVILLE,2013,1,61932.00,56480.00,118412.00,0.00,0.00,0.00,61932.00,56480.00,118412.00
TOWNSVILLE,2013,2,53701.00,53918.00,107619.00,0.00,0.00,0.00,53701.00,53918.00,107619.00
TOWNSVILLE,2013,3,61612.00,61684.00,123296.00,0.00,0.00,0.00,61612.00,61684.00,123296.00
TOWNSVILLE,2013,4,64547.00,62765.00,127312.00,0.00,0.00,0.00,64547.00,62765.00,127312.00
TOWNSVILLE,2013,5,64213.00,64376.00,128589.00,0.00,0.00,0.00,64213.00,64376.00,128589.00
TOWNSVILLE,2013,6,65780.00,66216.00,131996.00,0.00,0.00,0.00,65780.00,66216.00,131996.00
TOWNSVILLE,2013,7,75176.00,72844.00,148020.00,0.00,0.00,0.00,75176.00,72844.00,148020.00
TOWNSVILLE,2013,8,67861.00,69454.00,137315.00,0.00,0.00,0.00,67861.00,69454.00,137315.00
TOWNSVILLE,2013,9,68135.00,69670.00,137805.00,0.00,0.00,0.00,68135.00,69670.00,137805.00
TOWNSVILLE,2013,10,70418.00,69925.00,140343.00,0.00,0.00,0.00,70418.00,69925.00,140343.00
TOWNSVILLE,2013,11,59143.00,61744.00,120887.00,0.00,0.00,0.00,59143.00,61744.00,120887.00
TOWNSVILLE,2013,12,65561.00,69424.00,134985.00,0.00,0.00,0.00,65561.00,69424.00,134985.00
TOWNSVILLE,2014,1,58441.00,53757.00,112198.00,0.00,0.00,0.00,58441.00,53757.00,112198.00
TOWNSVILLE,2014,2,50287.00,50424.00,100711.00,0.00,0.00,0.00,50287.00,50424.00,100711.00
TOWNSVILLE,2014,3,58520.00,57261.00,115781.00,0.00,0.00,0.00,58520.00,57261.00,115781.00
TOWNSVILLE,2014,4,60736.00,61524.00,122260.00,0.00,0.00,0.00,60736.00,61524.00,122260.00
TOWNSVILLE,2014,5,62178.00,61671.00,123849.00,0.00,0.00,0.00,62178.00,61671.00,123849.00
TOWNSVILLE,2014,6,64444.00,64334.00,128778.00,0.00,0.00,0.00,64444.00,64334.00,128778.00
TOWNSVILLE,2014,7,72058.00,70381.00,142439.00,0.00,0.00,0.00,72058.00,70381.00,142439.00
TOWNSVILLE,2014,8,65323.00,66678.00,132001.00,0.00,0.00,0.00,65323.00,66678.00,132001.00
TOWNSVILLE,2014,9,65984.00,68438.00,134422.00,0.00,0.00,0.00,65984.00,68438.00,134422.00
TOWNSVILLE,2014,10,68153.00,67986.00,136139.00,0.00,0.00,0.00,68153.00,67986.00,136139.00
TOWNSVILLE,2014,11,57638.00,59537.00,117175.00,0.00,0.00,0.00,57638.00,59537.00,117175.00
TOWNSVILLE,2014,12,64541.00,67547.00,132088.00,0.00,0.00,0.00,64541.00,67547.00,132088.00
TOWNSVILLE,2015,1,57879.00,54030.00,111909.00,0.00,0.00,0.00,57879.00,54030.00,111909.00
TOWNSVILLE,2015,2,48886.00,49553.00,98439.00,0.00,0.00,0.00,48886.00,49553.00,98439.00
TOWNSVILLE,2015,3,59989.00,58009.00,117998.00,0.00,0.00,0.00,59989.00,58009.00,117998.00
TOWNSVILLE,2015,4,61695.00,62149.00,123844.00,0.00,0.00,0.00,61695.00,62149.00,123844.00
TOWNSVILLE,2015,5,62664.00,61362.00,124026.00,0.00,0.00,0.00,62664.00,61362.00,124026.00
TOWNSVILLE,2015,6,63967.00,63610.00,127577.00,0.00,0.00,0.00,63967.00,63610.00,127577.00
TOWNSVILLE,2015,7,73303.00,71720.00,145023.00,0.00,0.00,0.00,73303.00,71720.00,145023.00
TOWNSVILLE,2015,8,64519.00,66566.00,131085.00,0.00,0.00,0.00,64519.00,66566.00,131085.00
TOWNSVILLE,2015,9,66864.00,67845.00,134709.00,1111.00,1698.00,2809.00,67975.00,69543.00,137518.00
TOWNSVILLE,2015,10,67865.00,67814.00,135679.00,1815.00,1720.00,3535.00,69680.00,69534.00,139214.00
TOWNSVILLE,2015,11,59754.00,61357.00,121111.00,348.00,881.00,1229.00,60102.00,62238.00,122340.00
TOWNSVILLE,2015,12,62377.00,66334.00,128711.00,1571.00,1979.00,3550.00,63948.00,68313.00,132261.00
TOWNSVILLE,2016,1,58001.00,53823.00,111824.00,1864.00,1370.00,0.00,59865.00,55193.00,111824.00
TOWNSVILLE,2016,2,49452.00,48711.00,98163.00,1352.00,1370.00,0.00,50804.00,50081.00,98163.00
TOWNSVILLE,2016,3,58566.00,58563.00,117129.00,1555.00,1604.00,0.00,60121.00,60167.00,117129.00
TOWNSVILLE,2016,4,61298.00,59331.00,120629.00,1417.00,1604.00,0.00,62715.00,60935.00,120629.00
TOWNSVILLE,2016,5,63397.00,62570.00,125967.00,1685.00,1933.00,0.00,65082.00,64503.00,125967.00
TOWNSVILLE,2016,6,64868.00,64899.00,129767.00,1663.00,2044.00,0.00,66531.00,66943.00,129767.00
TOWNSVILLE,2016,7,72641.00,70220.00,142861.00,1973.00,1919.00,0.00,74614.00,72139.00,142861.00
TOWNSVILLE,2016,8,64208.00,66056.00,130264.00,1609.00,1800.00,0.00,65817.00,67856.00,130264.00
TOWNSVILLE,2016,9,66576.00,68269.00,134845.00,1969.00,1734.00,0.00,68545.00,70003.00,134845.00
TOWNSVILLE,2016,10,64602.00,64935.00,129537.00,2053.00,1842.00,0.00,66655.00,66777.00,129537.00
TOWNSVILLE,2016,11,58528.00,59861.00,118389.00,1523.00,1763.00,0.00,60051.00,61624.00,118389.00
TOWNSVILLE,2016,12,61979.00,66646.00,128625.00,1746.00,2087.00,0.00,63725.00,68733.00,128625.00
TOWNSVILLE,2017,1,57767.00,53413.00,111180.00,2224.00,1623.00,0.00,59991.00,55036.00,111180.00
TOWNSVILLE,2017,2,48518.00,48312.00,96830.00,1677.00,1594.00,0.00,50195.00,49906.00,96830.00
TOWNSVILLE,2017,3,56804.00,58317.00,115121.00,1603.00,1632.00,0.00,58407.00,59949.00,115121.00
TOWNSVILLE,2017,4,64609.00,62128.00,126737.00,2025.00,2257.00,0.00,66634.00,64385.00,126737.00
TOWNSVILLE,2017,5,60639.00,61928.00,122567.00,1954.00,2370.00,0.00,62593.00,64298.00,122567.00
TOWNSVILLE,2017,6,66427.00,66254.00,132681.00,2106.00,2123.00,0.00,68533.00,68377.00,132681.00
TOWNSVILLE,2017,7,76628.00,73840.00,150468.00,2452.00,2457.00,0.00,79080.00,76297.00,150468.00
TOWNSVILLE,2017,8,69682.00,70924.00,140606.00,2373.00,2231.00,0.00,72055.00,73155.00,140606.00
TOWNSVILLE,2017,9,68660.00,71256.00,139916.00,2197.00,2368.00,0.00,70857.00,73624.00,139916.00
TOWNSVILLE,2017,10,70105.00,69779.00,139884.00,2278.00,2100.00,0.00,72383.00,71879.00,139884.00
TOWNSVILLE,2017,11,62743.00,66059.00,128802.00,1622.00,1747.00,0.00,64365.00,67806.00,128802.00
TOWNSVILLE,2017,12,65924.00,70774.00,136698.00,1467.00,2055.00,0.00,67391.00,72829.00,136698.00
TOWNSVILLE,2018,1,62969.00,57216.00,120185.00,2279.00,2327.00,0.00,65248.00,59543.00,120185.00
TOWNSVILLE,2018,2,51968.00,52403.00,104371.00,2180.00,2140.00,0.00,54148.00,54543.00,104371.00
TOWNSVILLE,2018,3,67182.00,67984.00,135166.00,1744.00,1355.00,0.00,68926.00,69339.00,135166.00
TOWNSVILLE,2018,4,63974.00,63336.00,127310.00,415.00,443.00,0.00,64389.00,63779.00,127310.00
TOWNSVILLE,2018,5,66895.00,67054.00,133949.00,263.00,284.00,0.00,67158.00,67338.00,133949.00
TOWNSVILLE,2018,6,65091.00,65021.00,130112.00,375.00,318.00,0.00,65466.00,65339.00,130112.00
TOWNSVILLE,2018,7,80489.00,78946.00,159435.00,425.00,383.00,0.00,80914.00,79329.00,159435.00
TOWNSVILLE,2018,8,72455.00,74122.00,146577.00,354.00,318.00,0.00,72809.00,74440.00,146577.00
TOWNSVILLE,2018,9,67395.00,69792.00,137187.00,252.00,332.00,0.00,67647.00,70124.00,137187.00
TOWNSVILLE,2018,10,70570.00,69634.00,140204.00,0.00,0.00,0.00,70570.00,69634.00,140204.00
TOWNSVILLE,2018,11,63340.00,65756.00,129096.00,0.00,0.00,0.00,63340.00,65756.00,129096.00
TOWNSVILLE,2018,12,63038.00,67481.00,130519.00,0.00,0.00,0.00,63038.00,67481.00,130519.00
TOWNSVILLE,2019,1,61344.00,56845.00,118189.00,0.00,0.00,0.00,61344.00,56845.00,118189.00
TOWNSVILLE,2019,2,50268.00,49998.00,100266.00,0.00,0.00,0.00,50268.00,49998.00,100266.00
TOWNSVILLE,2019,3,62804.00,63951.00,126755.00,0.00,0.00,0.00,62804.00,63951.00,126755.00
TOWNSVILLE,2019,4,67238.00,66720.00,133958.00,0.00,0.00,0.00,67238.00,66720.00,133958.00
TOWNSVILLE,2019,5,67451.00,67615.00,135066.00,0.00,0.00,0.00,67451.00,67615.00,135066.00
TOWNSVILLE,2019,6,68347.00,66772.00,135119.00,0.00,0.00,0.00,68347.00,66772.00,135119.00
TOWNSVILLE,2019,7,78060.00,76324.00,154384.00,0.00,0.00,0.00,78060.00,76324.00,154384.00
TOWNSVILLE,2019,8,72244.00,74283.00,146527.00,0.00,0.00,0.00,72244.00,74283.00,146527.00
TOWNSVILLE,2019,9,71820.00,73743.00,145563.00,0.00,0.00,0.00,71820.00,73743.00,145563.00
TOWNSVILLE,2019,10,72692.00,73110.00,145802.00,0.00,0.00,0.00,72692.00,73110.00,145802.00
TOWNSVILLE,2019,11,64379.00,66370.00,130749.00,0.00,0.00,0.00,64379.00,66370.00,130749.00
TOWNSVILLE,2019,12,67064.00,71298.00,138362.00,0.00,0.00,0.00,67064.00,71298.00,138362.00
TOWNSVILLE,2020,1,63574.00,59105.00,122679.00,0.00,0.00,0.00,63574.00,59105.00,122679.00
TOWNSVILLE,2020,2,53546.00,51590.00,105136.00,0.00,0.00,0.00,53546.00,51590.00,105136.00
TOWNSVILLE,2020,3,44037.00,43063.00,87100.00,0.00,0.00,0.00,44037.00,43063.00,87100.00
TOWNSVILLE,2020,4,3786.00,4068.00,7854.00,0.00,0.00,0.00,3786.00,4068.00,7854.00
TOWNSVILLE,2020,5,4672.00,4575.00,9247.00,0.00,0.00,0.00,4672.00,4575.00,9247.00
TOWNSVILLE,2020,6,11330.00,11590.00,22920.00,0.00,0.00,0.00,11330.00,11590.00,22920.00
TOWNSVILLE,2020,7,28925.00,27368.00,56293.00,0.00,0.00,0.00,28925.00,27368.00,56293.00
TOWNSVILLE,2020,8,27166.00,27623.00,54789.00,0.00,0.00,0.00,27166.00,27623.00,54789.00
TOWNSVILLE,2020,9,30779.00,30772.00,61551.00,0.00,0.00,0.00,30779.00,30772.00,61551.00
TOWNSVILLE,2020,10,33293.00,34139.00,67432.00,0.00,0.00,0.00,33293.00,34139.00,67432.00
TOWNSVILLE,2020,11,34426.00,34806.00,69232.00,0.00,0.00,0.00,34426.00,34806.00,69232.00
TOWNSVILLE,2020,12,46643.00,47427.00,94070.00,0.00,0.00,0.00,46643.00,47427.00,94070.00
TOWNSVILLE,2021,1,36601.00,36701.00,73302.00,0.00,0.00,0.00,36601.00,36701.00,73302.00
TOWNSVILLE,2021,2,35876.00,36302.00,72178.00,0.00,0.00,0.00,35876.00,36302.00,72178.00
TOWNSVILLE,2021,3,47197.00,46734.00,93931.00,0.00,0.00,0.00,47197.00,46734.00,93931.00
TOWNSVILLE,2021,4,54512.00,54531.00,109043.00,0.00,0.00,0.00,54512.00,54531.00,109043.00
TOWNSVILLE,2021,5,56918.00,55921.00,112839.00,0.00,0.00,0.00,56918.00,55921.00,112839.00
TOWNSVILLE,2021,6,55616.00,55914.00,111530.00,0.00,0.00,0.00,55616.00,55914.00,111530.00
TOWNSVILLE,2021,7,45465.00,45386.00,90851.00,0.00,0.00,0.00,45465.00,45386.00,90851.00
TOWNSVILLE,2021,8,28531.00,30449.00,58980.00,0.00,0.00,0.00,28531.00,30449.00,58980.00
TOWNSVILLE,2021,9,44252.00,45090.00,89342.00,0.00,0.00,0.00,44252.00,45090.00,89342.00
TOWNSVILLE,2021,10,42096.00,42471.00,84567.00,0.00,0.00,0.00,42096.00,42471.00,84567.00
TOWNSVILLE,2021,11,42950.00,43775.00,86725.00,0.00,0.00,0.00,42950.00,43775.00,86725.00
TOWNSVILLE,2021,12,52968.00,53049.00,106017.00,0.00,0.00,0.00,52968.00,53049.00,106017.00
TOWNSVILLE,2022,1,40703.00,39849.00,80552.00,0.00,0.00,0.00,40703.00,39849.00,80552.00
TOWNSVILLE,2022,2,37643.00,38041.00,75684.00,0.00,0.00,0.00,37643.00,38041.00,75684.00
TOWNSVILLE,2022,3,52878.00,53425.00,106303.00,0.00,0.00,0.00,52878.00,53425.00,106303.00
TOWNSVILLE,2022,4,67765.00,67181.00,134946.00,0.00,0.00,0.00,67765.00,67181.00,134946.00
TOWNSVILLE,2022,5,67961.00,66930.00,134891.00,0.00,0.00,0.00,67961.00,66930.00,134891.00
TOWNSVILLE,2022,6,73181.00,72557.00,145738.00,0.00,0.00,0.00,73181.00,72557.00,145738.00
TOWNSVILLE,2022,7,77032.00,76450.00,153482.00,0.00,0.00,0.00,77032.00,76450.00,153482.00
TOWNSVILLE,2022,8,70474.00,71884.00,142358.00,0.00,0.00,0.00,70474.00,71884.00,142358.00
TOWNSVILLE,2022,9,72163.00,73570.00,145733.00,0.00,0.00,0.00,72163.00,73570.00,145733.00
TOWNSVILLE,2022,10,71632.00,72223.00,143855.00,0.00,0.00,0.00,71632.00,72223.00,143855.00
TOWNSVILLE,2022,11,63881.00,66759.00,130640.00,0.00,0.00,0.00,63881.00,66759.00,130640.00
TOWNSVILLE,2022,12,63600.00,66405.00,130005.00,0.00,0.00,0.00,63600.00,66405.00,130005.00
TOWNSVILLE,2023,1,60780.00,57776.00,118556.00,0.00,0.00,0.00,60780.00,57776.00,118556.00
TOWNSVILLE,2023,2,54278.00,54972.00,109250.00,0.00,0.00,0.00,54278.00,54972.00,109250.00
TOWNSVILLE,2023,3,70734.00,70157.00,140891.00,0.00,0.00,0.00,70734.00,70157.00,140891.00
TOWNSVILLE,2023,4,68197.00,67452.00,135649.00,0.00,0.00,0.00,68197.00,67452.00,135649.00
TOWNSVILLE,2023,5,72574.00,71584.00,144158.00,0.00,0.00,0.00,72574.00,71584.00,144158.00
TOWNSVILLE,2023,6,78209.00,76273.00,154482.00,0.00,0.00,0.00,78209.00,76273.00,154482.00
TOWNSVILLE,2023,7,81864.00,80540.00,162404.00,0.00,0.00,0.00,81864.00,80540.00,162404.00
TOWNSVILLE,2023,8,76129.00,79501.00,155630.00,0.00,0.00,0.00,76129.00,79501.00,155630.00
TOWNSVILLE,2023,9,71745.00,73575.00,145320.00,0.00,0.00,0.00,71745.00,73575.00,145320.00
TOWNSVILLE,2023,10,73485.00,73111.00,146596.00,0.00,0.00,0.00,73485.00,73111.00,146596.00
TOWNSVILLE,2023,11,68318.00,70954.00,139272.00,0.00,0.00,0.00,68318.00,70954.00,139272.00
TOWNSVILLE,2023,12,68243.00,70691.00,138934.00,0.00,0.00,0.00,68243.00,70691.00,138934.00
TOWNSVILLE,2024,1,59516.00,55811.00,115327.00,0.00,0.00,0.00,59516.00,55811.00,115327.00
TOWNSVILLE,2024,2,59792.00,60575.00,120367.00,0.00,0.00,0.00,59792.00,60575.00,120367.00
TOWNSVILLE,2024,3,68045.00,67585.00,135630.00,0.00,0.00,0.00,68045.00,67585.00,135630.00
TOWNSVILLE,2024,4,69222.00,67664.00,136886.00,0.00,0.00,0.00,69222.00,67664.00,136886.00
TOWNSVILLE,2024,5,68461.00,67488.00,135949.00,0.00,0.00,0.00,68461.00,67488.00,135949.00
TOWNSVILLE,2024,6,69554.00,69469.00,139023.00,0.00,0.00,0.00,69554.00,69469.00,139023.00
TOWNSVILLE,2024,7,79717.00,78193.00,157910.00,0.00,0.00,0.00,79717.00,78193.00,157910.00
TOWNSVILLE,2024,8,75227.00,76604.00,151831.00,0.00,0.00,0.00,75227.00,76604.00,151831.00
TOWNSVILLE,2024,9,73559.00,74515.00,148074.00,0.00,0.00,0.00,73559.00,74515.00,148074.00
TOWNSVILLE,2024,10,73639.00,75355.00,148994.00,0.00,0.00,0.00,73639.00,75355.00,148994.00
TOWNSVILLE,2024,11,68409.00,69864.00,138273.00,0.00,0.00,0.00,68409.00,69864.00,138273.00
TOWNSVILLE,2024,12,65348.00,69895.00,135243.00,0.00,0.00,0.00,65348.00,69895.00,135243.00
TOWNSVILLE,2025,1,64627.00,61428.00,126055.00,0.00,0.00,0.00,64627.00,61428.00,126055.00
TOWNSVILLE,2025,2,56371.00,56912.00,113283.00,0.00,0.00,0.00,56371.00,56912.00,113283.00
TOWNSVILLE,2025,3,62856.00,62194.00,125050.00,0.00,0.00,0.00,62856.00,62194.00,125050.00
TOWNSVILLE,2025,4,67919.00,68073.00,135992.00,0.00,0.00,0.00,67919.00,68073.00,135992.00
TOWNSVILLE,2025,5,69854.00,68354.00,138208.00,0.00,0.00,0.00,69854.00,68354.00,138208.00
TOWNSVILLE,2025,6,69950.00,69353.00,139303.00,0.00,0.00,0.00,69950.00,69353.00,139303.00
All Australian Airports,2009,1,4158230.00,4158230.00,8316460.00,1223646.00,1025778.00,2249424.00,5381876.00,5184008.00,10565884.00
All Australian Airports,2009,2,3619150.00,3619150.00,7238300.00,969607.00,823540.00,1793147.00,4588757.00,4442690.00,9031447.00
All Australian Airports,2009,3,4159504.00,4159504.00,8319008.00,937697.00,933843.00,1871540.00,5097201.00,5093347.00,10190548.00
All Australian Airports,2009,4,4137771.00,4137771.00,8275542.00,971404.00,1004204.00,1975608.00,5109175.00,5141975.00,10251150.00
All Australian Airports,2009,5,3938304.00,3938304.00,7876608.00,842073.00,922435.00,1764508.00,4780377.00,4860739.00,9641116.00
All Australian Airports,2009,6,3791029.00,3791029.00,7582058.00,853975.00,975920.00,1829895.00,4645004.00,4766949.00,9411953.00
All Australian Airports,2009,7,4276480.00,4276480.00,8552960.00,1140351.00,999000.00,2139351.00,5416831.00,5275480.00,10692311.00
All Australian Airports,2009,8,4198264.00,4198264.00,8396528.00,994466.00,1005333.00,1999799.00,5192730.00,5203597.00,10396327.00
All Australian Airports,2009,9,4260649.00,4260649.00,8521298.00,1041573.00,1045194.00,2086767.00,5302222.00,5305843.00,10608065.00
All Australian Airports,2009,10,4499689.00,4499689.00,8999378.00,1195265.00,1022497.00,2217762.00,5694954.00,5522186.00,11217140.00
All Australian Airports,2009,11,4266795.00,4266795.00,8533590.00,1021470.00,1054438.00,2075908.00,5288265.00,5321233.00,10609498.00
All Australian Airports,2009,12,4210377.00,4210377.00,8420754.00,1115592.00,1287599.00,2403191.00,5325969.00,5497976.00,10823945.00
All Australian Airports,2010,1,4086578.00,4086578.00,8173156.00,1331612.00,1151057.00,2482669.00,5418190.00,5237635.00,10655825.00
All Australian Airports,2010,2,3912268.00,3912268.00,7824536.00,1078500.00,951627.00,2030127.00,4990768.00,4863895.00,9854663.00
All Australian Airports,2010,3,4409569.00,4409569.00,8819138.00,1052707.00,1092822.00,2145529.00,5462276.00,5502391.00,10964667.00
All Australian Airports,2010,4,4352983.00,4352983.00,8705966.00,1026383.00,1036390.00,2062773.00,5379366.00,5389373.00,10768739.00
All Australian Airports,2010,5,4154942.00,4154942.00,8309884.00,893089.00,993010.00,1886099.00,5048031.00,5147952.00,10195983.00
All Australian Airports,2010,6,4159573.00,4159573.00,8319146.00,963769.00,1131910.00,2095679.00,5123342.00,5291483.00,10414825.00
All Australian Airports,2010,7,4634703.00,4634703.00,9269406.00,1299592.00,1101544.00,2401136.00,5934295.00,5736247.00,11670542.00
All Australian Airports,2010,8,4521396.00,4521396.00,9042792.00,1083502.00,1130243.00,2213745.00,5604898.00,5651639.00,11256537.00
All Australian Airports,2010,9,4615203.00,4615203.00,9230406.00,1142673.00,1173690.00,2316363.00,5757876.00,5788893.00,11546769.00
All Australian Airports,2010,10,4833354.00,4833354.00,9666708.00,1288712.00,1084487.00,2373199.00,6122066.00,5917841.00,12039907.00
All Australian Airports,2010,11,4600472.00,4600472.00,9200944.00,1084692.00,1120950.00,2205642.00,5685164.00,5721422.00,11406586.00
All Australian Airports,2010,12,4693401.00,4693401.00,9386802.00,1184169.00,1393185.00,2577354.00,5877570.00,6086586.00,11964156.00
All Australian Airports,2011,1,4388340.00,4388340.00,8776680.00,1460356.00,1248767.00,2709123.00,5848696.00,5637107.00,11485803.00
All Australian Airports,2011,2,3924439.00,3924439.00,7848878.00,1139969.00,980257.00,2120226.00,5064408.00,4904696.00,9969104.00
All Australian Airports,2011,3,4536913.00,4536913.00,9073826.00,1055726.00,1055897.00,2111623.00,5592639.00,5592810.00,11185449.00
All Australian Airports,2011,4,4526766.00,4526766.00,9053532.00,1097300.00,1188149.00,2285449.00,5624066.00,5714915.00,11338981.00
All Australian Airports,2011,5,4380299.00,4380299.00,8760598.00,1010388.00,1069097.00,2079485.00,5390687.00,5449396.00,10840083.00
All Australian Airports,2011,6,4096086.00,4096086.00,8192172.00,991794.00,1164150.00,2155944.00,5087880.00,5260236.00,10348116.00
All Australian Airports,2011,7,4686082.00,4686082.00,9372164.00,1366044.00,1165850.00,2531894.00,6052126.00,5851932.00,11904058.00
All Australian Airports,2011,8,4552397.00,4552397.00,9104794.00,1144506.00,1164418.00,2308924.00,5696903.00,5716815.00,11413718.00
All Australian Airports,2011,9,4549405.00,4549405.00,9098810.00,1167424.00,1234511.00,2401935.00,5716829.00,5783916.00,11500745.00
All Australian Airports,2011,10,4693787.00,4693787.00,9387574.00,1356836.00,1119499.00,2476335.00,6050623.00,5813286.00,11863909.00
All Australian Airports,2011,11,4579713.00,4579713.00,9159426.00,1141680.00,1161292.00,2302972.00,5721393.00,5741005.00,11462398.00
All Australian Airports,2011,12,4557463.00,4557463.00,9114926.00,1219820.00,1451279.00,2671099.00,5777283.00,6008742.00,11786025.00
All Australian Airports,2012,1,4474618.00,4474618.00,8949236.00,1522951.00,1280575.00,2803526.00,5997569.00,5755193.00,11752762.00
All Australian Airports,2012,2,4123005.00,4123005.00,8246010.00,1202079.00,1018688.00,2220767.00,5325084.00,5141693.00,10466777.00
All Australian Airports,2012,3,4655194.00,4655194.00,9310388.00,1140970.00,1184391.00,2325361.00,5796164.00,5839585.00,11635749.00
All Australian Airports,2012,4,4531527.00,4531527.00,9063054.00,1176642.00,1202602.00,2379244.00,5708169.00,5734129.00,11442298.00
All Australian Airports,2012,5,4462782.00,4462782.00,8925564.00,1001277.00,1097826.00,2099103.00,5464059.00,5560608.00,11024667.00
All Australian Airports,2012,6,4358016.00,4358016.00,8716032.00,1093857.00,1267331.00,2361188.00,5451873.00,5625347.00,11077220.00
All Australian Airports,2012,7,4841514.00,4841514.00,9683028.00,1411426.00,1183757.00,2595183.00,6252940.00,6025271.00,12278211.00
All Australian Airports,2012,8,4756651.00,4756651.00,9513302.00,1191135.00,1227542.00,2418677.00,5947786.00,5984193.00,11931979.00
All Australian Airports,2012,9,4790005.00,4790005.00,9580010.00,1241037.00,1291879.00,2532916.00,6031042.00,6081884.00,12112926.00
All Australian Airports,2012,10,5041625.00,5041625.00,10083250.00,1410564.00,1162152.00,2572716.00,6452189.00,6203777.00,12655966.00
All Australian Airports,2012,11,4901047.00,4901047.00,9802094.00,1206638.00,1244036.00,2450674.00,6107685.00,6145083.00,12252768.00
All Australian Airports,2012,12,4748088.00,4748088.00,9496176.00,1314757.00,1534880.00,2849637.00,6062845.00,6282968.00,12345813.00
All Australian Airports,2013,1,4631108.00,4631108.00,9262216.00,1571356.00,1316140.00,2887496.00,6202464.00,5947248.00,12149712.00
All Australian Airports,2013,2,4131788.00,4131788.00,8263576.00,1235881.00,1077428.00,2313309.00,5367669.00,5209216.00,10576885.00
All Australian Airports,2013,3,4727453.00,4727453.00,9454906.00,1225650.00,1271601.00,2497251.00,5953103.00,5999054.00,11952157.00
All Australian Airports,2013,4,4732212.00,4732212.00,9464424.00,1215952.00,1233982.00,2449934.00,5948164.00,5966194.00,11914358.00
All Australian Airports,2013,5,4507122.00,4507122.00,9014244.00,1090305.00,1183884.00,2274189.00,5597427.00,5691006.00,11288433.00
All Australian Airports,2013,6,4439610.00,4439610.00,8879220.00,1148699.00,1319217.00,2467916.00,5588309.00,5758827.00,11347136.00
All Australian Airports,2013,7,5056406.00,5056406.00,10112812.00,1502141.00,1293265.00,2795406.00,6558547.00,6349671.00,12908218.00
All Australian Airports,2013,8,4849534.00,4849534.00,9699068.00,1305475.00,1338815.00,2644290.00,6155009.00,6188349.00,12343358.00
All Australian Airports,2013,9,4792733.00,4792733.00,9585466.00,1317813.00,1363172.00,2680985.00,6110546.00,6155905.00,12266451.00
All Australian Airports,2013,10,5184010.00,5184010.00,10368020.00,1496725.00,1212883.00,2709608.00,6680735.00,6396893.00,13077628.00
All Australian Airports,2013,11,4810124.00,4810124.00,9620248.00,1268103.00,1285380.00,2553483.00,6078227.00,6095504.00,12173731.00
All Australian Airports,2013,12,4930391.00,4930391.00,9860782.00,1403760.00,1666889.00,3070649.00,6334151.00,6597280.00,12931431.00
All Australian Airports,2014,1,4793949.00,4793949.00,9587898.00,1741156.00,1460453.00,3201609.00,6535105.00,6254402.00,12789507.00
All Australian Airports,2014,2,4210431.00,4210431.00,8420862.00,1320109.00,1170234.00,2490343.00,5530540.00,5380665.00,10911205.00
All Australian Airports,2014,3,4748502.00,4748502.00,9497004.00,1256750.00,1275028.00,2531778.00,6005252.00,6023530.00,12028782.00
All Australian Airports,2014,4,4760669.00,4760669.00,9521338.00,1319185.00,1390747.00,2709932.00,6079854.00,6151416.00,12231270.00
All Australian Airports,2014,5,4532065.00,4532065.00,9064130.00,1186430.00,1262179.00,2448609.00,5718495.00,5794244.00,11512739.00
All Australian Airports,2014,6,4450124.00,4450124.00,8900248.00,1174912.00,1410529.00,2585441.00,5625036.00,5860653.00,11485689.00
All Australian Airports,2014,7,5001391.00,5001391.00,10002782.00,1599897.00,1357325.00,2957222.00,6601288.00,6358716.00,12960004.00
All Australian Airports,2014,8,4798563.00,4798563.00,9597126.00,1341299.00,1402976.00,2744275.00,6139862.00,6201539.00,12341401.00
All Australian Airports,2014,9,4808046.00,4808046.00,9616092.00,1377010.00,1404018.00,2781028.00,6185056.00,6212064.00,12397120.00
All Australian Airports,2014,10,5241921.00,5241921.00,10483842.00,1556897.00,1297662.00,2854559.00,6798818.00,6539583.00,13338401.00
All Australian Airports,2014,11,4769742.00,4769742.00,9539484.00,1322483.00,1346054.00,2668537.00,6092225.00,6115796.00,12208021.00
All Australian Airports,2014,12,4888981.00,4888981.00,9777962.00,1449684.00,1710071.00,3159755.00,6338665.00,6599052.00,12937717.00
All Australian Airports,2015,1,4633256.00,4633256.00,9266512.00,1784287.00,1498628.00,3282915.00,6417543.00,6131884.00,12549427.00
All Australian Airports,2015,2,4185734.00,4185734.00,8371468.00,1410790.00,1240775.00,2651565.00,5596524.00,5426509.00,11023033.00
All Australian Airports,2015,3,4794620.00,4794620.00,9589240.00,1370140.00,1432073.00,2802213.00,6164760.00,6226693.00,12391453.00
All Australian Airports,2015,4,4725189.00,4725189.00,9450378.00,1361635.00,1384880.00,2746515.00,6086824.00,6110069.00,12196893.00
All Australian Airports,2015,5,4504507.00,4504507.00,9009014.00,1218186.00,1309275.00,2527461.00,5722693.00,5813782.00,11536475.00
All Australian Airports,2015,6,4435208.00,4435208.00,8870416.00,1232005.00,1456587.00,2688592.00,5667213.00,5891795.00,11559008.00
All Australian Airports,2015,7,5116154.00,5116154.00,10232308.00,1649910.00,1439511.00,3089421.00,6766064.00,6555665.00,13321729.00
All Australian Airports,2015,8,4769923.00,4769923.00,9539846.00,1417242.00,1453713.00,2870955.00,6187165.00,6223636.00,12410801.00
All Australian Airports,2015,9,4869778.00,4869778.00,9739556.00,1458846.00,1474613.00,2933459.00,6328624.00,6344391.00,12673015.00
All Australian Airports,2015,10,5161287.00,5161287.00,10322574.00,1631063.00,1391059.00,3022122.00,6792350.00,6552346.00,13344696.00
All Australian Airports,2015,11,4920137.00,4920137.00,9840274.00,1403347.00,1420285.00,2823632.00,6323484.00,6340422.00,12663906.00
All Australian Airports,2015,12,5030200.00,5030200.00,10060400.00,1580055.00,1847744.00,3427799.00,6610255.00,6877944.00,13488199.00
All Australian Airports,2016,1,4794462.00,4794462.00,9588924.00,1918216.00,1642055.00,3560271.00,6712678.00,6436517.00,13149195.00
All Australian Airports,2016,2,4442706.00,4442706.00,8885412.00,1560626.00,1375056.00,2935682.00,6003332.00,5817762.00,11821094.00
All Australian Airports,2016,3,4950635.00,4950635.00,9901270.00,1470828.00,1538489.00,3009317.00,6421463.00,6489124.00,12910587.00
All Australian Airports,2016,4,4815450.00,4815450.00,9630900.00,1481132.00,1478130.00,2959262.00,6296582.00,6293580.00,12590162.00
All Australian Airports,2016,5,4639916.00,4639916.00,9279832.00,1301845.00,1389018.00,2690863.00,5941761.00,6028934.00,11970695.00
All Australian Airports,2016,6,4580709.00,4580709.00,9161418.00,1330046.00,1575902.00,2905948.00,5910755.00,6156611.00,12067366.00
All Australian Airports,2016,7,5158404.00,5158404.00,10316808.00,1832875.00,1574975.00,3407850.00,6991279.00,6733379.00,13724658.00
All Australian Airports,2016,8,4858807.00,4858807.00,9717614.00,1514269.00,1548743.00,3063012.00,6373076.00,6407550.00,12780626.00
All Australian Airports,2016,9,5031367.00,5031367.00,10062734.00,1583513.00,1592100.00,3175613.00,6614880.00,6623467.00,13238347.00
All Australian Airports,2016,10,5212134.00,5212134.00,10424268.00,1740278.00,1485480.00,3225758.00,6952412.00,6697614.00,13650026.00
All Australian Airports,2016,11,5024272.00,5024272.00,10048544.00,1489028.00,1536531.00,3025559.00,6513300.00,6560803.00,13074103.00
All Australian Airports,2016,12,5110010.00,5110010.00,10220020.00,1691033.00,1966585.00,3657618.00,6801043.00,7076595.00,13877638.00
All Australian Airports,2017,1,4945306.00,4945306.00,9890612.00,2044464.00,1757649.00,3802113.00,6989770.00,6702955.00,13692725.00
All Australian Airports,2017,2,4328746.00,4328746.00,8657492.00,1599434.00,1371201.00,2970635.00,5928180.00,5699947.00,11628127.00
All Australian Airports,2017,3,4973688.00,4973688.00,9947376.00,1509048.00,1550291.00,3059339.00,6482736.00,6523979.00,13006715.00
All Australian Airports,2017,4,4909651.00,4909651.00,9819302.00,1634650.00,1673176.00,3307826.00,6544301.00,6582827.00,13127128.00
All Australian Airports,2017,5,4714083.00,4714083.00,9428166.00,1391507.00,1479723.00,2871230.00,6105590.00,6193806.00,12299396.00
All Australian Airports,2017,6,4663457.00,4663457.00,9326914.00,1425247.00,1669146.00,3094393.00,6088704.00,6332603.00,12421307.00
All Australian Airports,2017,7,5270804.00,5270804.00,10541608.00,1897855.00,1643059.00,3540914.00,7168659.00,6913863.00,14082522.00
All Australian Airports,2017,8,4949800.00,4949800.00,9899600.00,1607947.00,1642140.00,3250087.00,6557747.00,6591940.00,13149687.00
All Australian Airports,2017,9,5038526.00,5038526.00,10077052.00,1649934.00,1680464.00,3330398.00,6688460.00,6718990.00,13407450.00
All Australian Airports,2017,10,5386292.00,5386292.00,10772584.00,1826871.00,1543057.00,3369928.00,7213163.00,6929349.00,14142512.00
All Australian Airports,2017,11,5183682.00,5183682.00,10367364.00,1571174.00,1620735.00,3191909.00,6754856.00,6804417.00,13559273.00
All Australian Airports,2017,12,5212132.00,5212132.00,10424264.00,1773170.00,2053765.00,3826935.00,6985302.00,7265897.00,14251199.00
All Australian Airports,2018,1,5046323.00,5046323.00,10092646.00,2098405.00,1786996.00,3885401.00,7144728.00,6833319.00,13978047.00
All Australian Airports,2018,2,4506823.00,4506823.00,9013646.00,1697805.00,1489815.00,3187620.00,6204628.00,5996638.00,12201266.00
All Australian Airports,2018,3,5192899.00,5192899.00,10385798.00,1660037.00,1710242.00,3370279.00,6852936.00,6903141.00,13756077.00
All Australian Airports,2018,4,5042047.00,5042047.00,10084094.00,1664141.00,1697992.00,3362133.00,6706188.00,6740039.00,13446227.00
All Australian Airports,2018,5,4825550.00,4825550.00,9651100.00,1477266.00,1549386.00,3026652.00,6302816.00,6374936.00,12677752.00
All Australian Airports,2018,6,4678234.00,4678234.00,9356468.00,1504833.00,1772073.00,3276906.00,6183067.00,6450307.00,12633374.00
All Australian Airports,2018,7,5399949.00,5399949.00,10799898.00,1994170.00,1716945.00,3711115.00,7394119.00,7116894.00,14511013.00
All Australian Airports,2018,8,5146214.00,5146214.00,10292428.00,1711828.00,1757645.00,3469473.00,6858042.00,6903859.00,13761901.00
All Australian Airports,2018,9,5043051.00,5043051.00,10086102.00,1710672.00,1752050.00,3462722.00,6753723.00,6795101.00,13548824.00
All Australian Airports,2018,10,5455241.00,5455241.00,10910482.00,1925383.00,1622374.00,3547757.00,7380624.00,7077615.00,14458239.00
All Australian Airports,2018,11,5189215.00,5189215.00,10378430.00,1636769.00,1687907.00,3324676.00,6825984.00,6877122.00,13703106.00
All Australian Airports,2018,12,5104043.00,5104043.00,10208086.00,1808282.00,2142297.00,3950579.00,6912325.00,7246340.00,14158665.00
All Australian Airports,2019,1,5030043.00,5030043.00,10060086.00,2187442.00,1885630.00,4073072.00,7217485.00,6915673.00,14133158.00
All Australian Airports,2019,2,4465621.00,4465621.00,8931242.00,1757525.00,1499283.00,3256808.00,6223146.00,5964904.00,12188050.00
All Australian Airports,2019,3,5024090.00,5024090.00,10048180.00,1629562.00,1655711.00,3285273.00,6653652.00,6679801.00,13333453.00
All Australian Airports,2019,4,5112777.00,5112777.00,10225554.00,1701680.00,1801316.00,3502996.00,6814457.00,6914093.00,13728550.00
All Australian Airports,2019,5,4848365.00,4848365.00,9696730.00,1579940.00,1627989.00,3207929.00,6428305.00,6476354.00,12904659.00
All Australian Airports,2019,6,4669723.00,4669723.00,9339446.00,1545754.00,1782850.00,3328604.00,6215477.00,6452573.00,12668050.00
All Australian Airports,2019,7,5413049.00,5413049.00,10826098.00,1985113.00,1750509.00,3735622.00,7398162.00,7163558.00,14561720.00
All Australian Airports,2019,8,5157000.00,5157000.00,10314000.00,1766857.00,1801853.00,3568710.00,6923857.00,6958853.00,13882710.00
All Australian Airports,2019,9,5148686.00,5148686.00,10297372.00,1721451.00,1775323.00,3496774.00,6870137.00,6924009.00,13794146.00
All Australian Airports,2019,10,5607945.00,5607945.00,11215890.00,1926829.00,1660334.00,3587163.00,7534774.00,7268279.00,14803053.00
All Australian Airports,2019,11,5212654.00,5212654.00,10425308.00,1702426.00,1724008.00,3426434.00,6915080.00,6936662.00,13851742.00
All Australian Airports,2019,12,5217772.00,5217772.00,10435544.00,1846338.00,2192732.00,4039070.00,7064110.00,7410504.00,14474614.00
All Australian Airports,2020,1,5055479.00,5055479.00,10110958.00,2215508.00,1938543.00,4154051.00,7270987.00,6994022.00,14265009.00
All Australian Airports,2020,2,4330713.00,4330713.00,8661426.00,1529809.00,1275620.00,2805429.00,5860522.00,5606333.00,11466855.00
All Australian Airports,2020,3,3049073.00,3049073.00,6098146.00,887482.00,838247.00,1725729.00,3936555.00,3887320.00,7823875.00
All Australian Airports,2020,4,142694.00,142694.00,285388.00,17304.00,58002.00,75306.00,159998.00,200696.00,360694.00
All Australian Airports,2020,5,169366.00,169366.00,338732.00,18749.00,34240.00,52989.00,188115.00,203606.00,391721.00
All Australian Airports,2020,6,370155.00,370155.00,740310.00,25244.00,39591.00,64835.00,395399.00,409746.00,805145.00
All Australian Airports,2020,7,722779.00,722779.00,1445558.00,20016.00,53835.00,73851.00,742795.00,776614.00,1519409.00
All Australian Airports,2020,8,570603.00,570603.00,1141206.00,15549.00,56449.00,71998.00,586152.00,627052.00,1213204.00
All Australian Airports,2020,9,689718.00,689718.00,1379436.00,15413.00,46707.00,62120.00,705131.00,736425.00,1441556.00
All Australian Airports,2020,10,898542.00,898542.00,1797084.00,23559.00,45618.00,69177.00,922101.00,944160.00,1866261.00
All Australian Airports,2020,11,1095883.00,1095883.00,2191766.00,26167.00,41044.00,67211.00,1122050.00,1136927.00,2258977.00
All Australian Airports,2020,12,2165183.00,2165183.00,4330366.00,32335.00,47173.00,79508.00,2197518.00,2212356.00,4409874.00
All Australian Airports,2021,1,1640062.00,1640062.00,3280124.00,27823.00,39649.00,67472.00,1667885.00,1679711.00,3347596.00
All Australian Airports,2021,2,1613745.00,1613745.00,3227490.00,22040.00,29573.00,51613.00,1635785.00,1643318.00,3279103.00
All Australian Airports,2021,3,2786211.00,2786211.00,5572422.00,28204.00,30287.00,58491.00,2814415.00,2816498.00,5630913.00
All Australian Airports,2021,4,3512530.00,3512530.00,7025060.00,50398.00,62540.00,112938.00,3562928.00,3575070.00,7137998.00
All Australian Airports,2021,5,3373044.00,3373044.00,6746088.00,108911.00,105335.00,214246.00,3481955.00,3478379.00,6960334.00
All Australian Airports,2021,6,2337683.00,2337683.00,4675366.00,97495.00,96795.00,194290.00,2435178.00,2434478.00,4869656.00
All Australian Airports,2021,7,1338271.00,1338271.00,2676542.00,69698.00,84994.00,154692.00,1407969.00,1423265.00,2831234.00
All Australian Airports,2021,8,722127.00,722127.00,1444254.00,21142.00,35215.00,56357.00,743269.00,757342.00,1500611.00
All Australian Airports,2021,9,987762.00,987762.00,1975524.00,12520.00,29629.00,42149.00,1000282.00,1017391.00,2017673.00
All Australian Airports,2021,10,1041473.00,1041473.00,2082946.00,11760.00,34385.00,46145.00,1053233.00,1075858.00,2129091.00
All Australian Airports,2021,11,1505416.00,1505416.00,3010832.00,67906.00,88305.00,156211.00,1573322.00,1593721.00,3167043.00
All Australian Airports,2021,12,2520535.00,2520535.00,5041070.00,184878.00,215879.00,400757.00,2705413.00,2736414.00,5441827.00
All Australian Airports,2022,1,2526396.00,2526396.00,5052792.00,258368.00,183907.00,442275.00,2784764.00,2710303.00,5495067.00
All Australian Airports,2022,2,2409759.00,2409759.00,4819518.00,264136.00,172254.00,436390.00,2673895.00,2582013.00,5255908.00
All Australian Airports,2022,3,3565202.00,3565202.00,7130404.00,369092.00,329019.00,698111.00,3934294.00,3894221.00,7828515.00
All Australian Airports,2022,4,4621976.00,4621976.00,9243952.00,567077.00,598702.00,1165779.00,5189053.00,5220678.00,10409731.00
All Australian Airports,2022,5,4324920.00,4324920.00,8649840.00,640888.00,653826.00,1294714.00,4965808.00,4978746.00,9944554.00
All Australian Airports,2022,6,4485977.00,4485977.00,8971954.00,738579.00,877319.00,1615898.00,5224556.00,5363296.00,10587852.00
All Australian Airports,2022,7,4779530.00,4779530.00,9559060.00,1086071.00,971208.00,2057279.00,5865601.00,5750738.00,11616339.00
All Australian Airports,2022,8,4423984.00,4423984.00,8847968.00,1025769.00,943786.00,1969555.00,5449753.00,5367770.00,10817523.00
All Australian Airports,2022,9,4641042.00,4641042.00,9282084.00,1062946.00,1032545.00,2095491.00,5703988.00,5673587.00,11377575.00
All Australian Airports,2022,10,4813908.00,4813908.00,9627816.00,1191908.00,1005302.00,2197210.00,6005816.00,5819210.00,11825026.00
All Australian Airports,2022,11,4628755.00,4628755.00,9257510.00,1181061.00,1178912.00,2359973.00,5809816.00,5807667.00,11617483.00
All Australian Airports,2022,12,4531773.00,4531773.00,9063546.00,1257845.00,1488238.00,2746083.00,5789618.00,6020011.00,11809629.00
All Australian Airports,2023,1,4468678.00,4468678.00,8937356.00,1595713.00,1365286.00,2960999.00,6064391.00,5833964.00,11898355.00
All Australian Airports,2023,2,3973329.00,3973329.00,7946658.00,1354076.00,1072359.00,2426435.00,5327405.00,5045688.00,10373093.00
All Australian Airports,2023,3,4795774.00,4795774.00,9591548.00,1335992.00,1313600.00,2649592.00,6131766.00,6109374.00,12241140.00
All Australian Airports,2023,4,4669877.00,4669877.00,9339754.00,1367840.00,1408119.00,2775959.00,6037717.00,6077996.00,12115713.00
All Australian Airports,2023,5,4600047.00,4600047.00,9200094.00,1296777.00,1357817.00,2654594.00,5896824.00,5957864.00,11854688.00
All Australian Airports,2023,6,4555529.00,4555529.00,9111058.00,1348155.00,1545993.00,2894148.00,5903684.00,6101522.00,12005206.00
All Australian Airports,2023,7,4970854.00,4970854.00,9941708.00,1740726.00,1493114.00,3233840.00,6711580.00,6463968.00,13175548.00
All Australian Airports,2023,8,4853295.00,4853295.00,9706590.00,1543744.00,1513983.00,3057727.00,6397039.00,6367278.00,12764317.00
All Australian Airports,2023,9,4949212.00,4949212.00,9898424.00,1594956.00,1584122.00,3179078.00,6544168.00,6533334.00,13077502.00
All Australian Airports,2023,10,5152663.00,5152663.00,10305326.00,1706736.00,1464593.00,3171329.00,6859399.00,6617256.00,13476655.00
All Australian Airports,2023,11,5007514.00,5007514.00,10015028.00,1535785.00,1577388.00,3113173.00,6543299.00,6584902.00,13128201.00
All Australian Airports,2023,12,4872461.00,4872461.00,9744922.00,1673868.00,1987298.00,3661166.00,6546329.00,6859759.00,13406088.00
All Australian Airports,2024,1,4762279.00,4762279.00,9524558.00,2091817.00,1716775.00,3808592.00,6854096.00,6479054.00,13333150.00
All Australian Airports,2024,2,4536223.00,4536223.00,9072446.00,1741437.00,1468805.00,3210242.00,6277660.00,6005028.00,12282688.00
All Australian Airports,2024,3,4942890.00,4942890.00,9885780.00,1586833.00,1678797.00,3265630.00,6529723.00,6621687.00,13151410.00
All Australian Airports,2024,4,4894433.00,4894433.00,9788866.00,1620367.00,1613381.00,3233748.00,6514800.00,6507814.00,13022614.00
All Australian Airports,2024,5,4709221.00,4709221.00,9418442.00,1473426.00,1553935.00,3027361.00,6182647.00,6263156.00,12445803.00
All Australian Airports,2024,6,4565930.00,4565930.00,9131860.00,1525730.00,1755435.00,3281165.00,6091660.00,6321365.00,12413025.00
All Australian Airports,2024,7,5119722.00,5119722.00,10239444.00,1924013.00,1645739.00,3569752.00,7043735.00,6765461.00,13809196.00
All Australian Airports,2024,8,4927881.00,4927881.00,9855762.00,1650487.00,1691111.00,3341598.00,6578368.00,6618992.00,13197360.00
All Australian Airports,2024,9,4991394.00,4991394.00,9982788.00,1727807.00,1789000.00,3516807.00,6719201.00,6780394.00,13499595.00
All Australian Airports,2024,10,5347470.00,5347470.00,10694940.00,1909888.00,1647507.00,3557395.00,7257358.00,6994977.00,14252335.00
All Australian Airports,2024,11,5062831.00,5062831.00,10125662.00,1687572.00,1764936.00,3452508.00,6750403.00,6827767.00,13578170.00
All Australian Airports,2024,12,5062081.00,5062081.00,10124162.00,1846530.00,2246497.00,4093027.00,6908611.00,7308578.00,14217189.00
All Australian Airports,2025,1,5058784.00,5058784.00,10117568.00,2359518.00,2012459.00,4371977.00,7418302.00,7071243.00,14489545.00
All Australian Airports,2025,2,4319879.00,4319879.00,8639758.00,1846939.00,1502037.00,3348976.00,6166818.00,5821916.00,11988734.00
All Australian Airports,2025,3,4711732.00,4711732.00,9423464.00,1662586.00,1655770.00,3318356.00,6374318.00,6367502.00,12741820.00
All Australian Airports,2025,4,5046524.00,5046524.00,10093048.00,1757485.00,1892381.00,3649866.00,6804009.00,6938905.00,13742914.00
All Australian Airports,2025,5,4796336.00,4796336.00,9592672.00,1660553.00,1687505.00,3348058.00,6456889.00,6483841.00,12940730.00
All Australian Airports,2025,6,4659298.00,4659298.00,9318596.00,1625030.00,1817248.00,3442278.00,6284328.00,6476546.00,12760874.00
